72.949342 20.865799
74.273744 20.508412
69.892257 22.363499
70.087114 23.044949
67.236748 23.499884
70.068748 23.622026
71.741861 24.200022
71.637499 26.555155
65.318183 24.429172
66.760149 24.208834
71.154527 30.083592
71.701887 23.502276
70.789629 25.877279
73.269967 24.974897
67.714612 27.382683
67.371836 32.127303
65.671112 26.815856
67.554419 24.948232
66.986824 29.637376
67.428124 29.661395
67.753114 34.919849
64.751529 30.435793
69.662056 34.872586
61.462783 30.894717
70.170326 31.913072
64.731981 29.299898
68.326273 31.410608
65.386945 38.198395
65.334835 31.809098
70.127575 31.514926
64.968251 32.052489
69.256305 34.367804
65.843089 35.613433
65.781159 36.895791
70.570845 39.525209
66.661843 34.363496
60.192936 39.617610
66.754318 38.773464
63.731068 36.021322
65.140664 39.335313
62.976474 39.990183
68.262624 38.097751
67.472619 41.305619
65.342173 39.403349
61.134402 37.707946
66.043213 39.816544
62.432340 40.786631
66.029481 45.387607
60.314661 39.603408
60.735966 44.489795
62.387154 42.734093
60.959357 45.578603
59.758322 39.319188
61.944673 47.409667
59.814167 41.261156
61.186962 44.317732
57.741359 46.567365
57.447417 49.423729
56.980037 42.456549
62.851777 44.807096
59.208340 50.767076
56.327484 41.921479
58.479293 45.659405
60.636626 50.861436
61.113722 45.273215
58.418653 44.693712
56.131399 52.714707
58.837855 46.408309
54.050670 49.544264
56.803782 48.158546
53.159558 53.281410
57.199456 53.002687
53.116677 52.456045
53.279915 52.573319
52.317079 56.666043
49.801818 53.107558
59.611611 53.799011
53.273532 48.766899
52.674461 53.184050
51.804497 51.295155
46.435611 52.013879
53.479850 54.076135
51.801645 49.808199
49.568111 53.027163
50.045269 55.030070
47.896943 53.735865
50.175609 52.719847
46.201424 56.465738
47.826352 53.477253
48.749826 56.851530
50.270434 57.198020
48.456203 54.799411
45.573507 55.801500
46.780098 56.042738
44.968415 60.689398
45.268046 57.115836
42.371824 56.068905
45.185204 61.473214
41.214295 57.206702
46.073978 58.875086
41.279912 55.949673
37.889077 57.783415
40.891228 59.691117
40.821493 59.467245
42.905400 57.667032
46.277080 58.269127
34.544741 59.718343
38.173067 59.724542
38.903754 55.607029
37.190938 59.431909
35.660105 57.489855
37.925940 58.760730
39.131561 58.149968
35.454490 57.446818
33.404196 60.016038
36.312588 59.009165
34.510446 59.368991
35.132671 57.188620
28.479459 57.985648
32.323890 58.014563
29.478036 59.606553
30.747201 56.773037
33.517348 57.419159
33.539325 67.711247
25.176769 58.937991
30.796892 62.998589
27.765718 63.308289
27.564144 60.527534
32.406324 57.479191
25.480412 60.352156
23.541411 57.614874
28.748518 61.114609
24.814665 59.003521
30.231178 61.457480
23.292456 60.180939
20.793970 58.523904
29.590322 62.791890
26.951488 63.104860
25.716067 61.377659
20.773674 63.007586
24.338642 58.645593
18.710318 60.303159
19.165695 59.054542
21.484456 57.666179
25.619917 58.042639
16.900072 58.212650
18.580362 55.974107
17.699292 57.767175
19.392879 58.055632
15.292501 63.294727
14.293380 58.346389
12.996301 55.082010
18.282825 60.700119
13.219866 56.055031
17.249190 54.841271
15.587997 57.623346
14.106733 58.305959
18.152730 56.388262
15.022780 54.611266
14.923815 56.870834
12.882304 54.541277
13.256331 57.725714
15.507910 51.573736
11.467320 55.530808
11.015433 57.496887
10.359428 49.973350
7.387209 57.155985
9.503843 54.539489
9.114921 55.321908
13.820784 51.693848
7.606961 54.609004
5.979623 56.986335
6.341524 54.759757
7.615355 54.979248
4.149082 53.417698
4.459490 49.967734
8.091322 50.410072
4.916220 53.228955
1.946327 50.202847
4.188511 56.050231
4.402111 56.828602
3.836692 54.090998
1.054561 51.862391
3.806696 46.138518
1.715595 49.129998
0.355365 48.433430
6.768740 47.300844
1.093881 52.305742
0.899492 48.924024
0.301759 50.148329
2.308196 47.953729
5.406786 52.235402
-0.805511 49.019265
1.291662 44.199882
0.826640 47.566756
-1.633755 47.699929
-1.868883 40.527816
-1.829741 45.837343
-3.424403 43.701230
-3.397792 45.775972
-2.771544 48.048257
0.451604 47.313749
-3.880298 46.192190
-0.155932 40.802800
-4.550583 43.071993
-4.040568 39.627607
-3.930883 41.139117
-1.393862 38.267824
-2.750547 34.069977
-3.215136 38.928874
-3.895916 35.319559
-6.735988 39.486825
-4.619245 40.297410
-7.587580 32.650312
-2.520998 38.185438
-4.703748 35.652392
-6.252261 34.098026
-7.135571 34.398949
-8.893373 34.830765
-9.975619 36.480794
-5.715174 34.842257
-4.623609 37.355188
-5.318872 36.043554
-4.941218 31.382531
-10.463380 36.810297
-8.992979 33.325481
-8.904597 31.484454
-8.086265 28.557688
-5.993819 28.644469
-9.191016 29.535235
-10.881449 32.035294
-8.774297 30.004459
-11.316688 28.860842
-8.081292 29.826506
-5.609210 29.163163
-10.557531 29.620893
-6.103723 24.099153
-9.700024 25.290550
-8.402754 31.727615
-9.599852 25.809632
-10.137620 22.785111
-10.492726 24.645538
-7.130674 23.928879
-10.362286 21.359903
-10.690247 21.685715
-13.795383 22.598134
-5.965467 23.150134
-7.478968 22.403346
-12.355032 14.976169
-12.265130 22.271068
-10.427849 23.600388
-7.705137 16.572224
-8.525077 23.697322
-14.118690 19.682017
-9.642507 23.179377
-12.975953 11.989857
-10.391117 16.973391
-11.209803 17.657082
-9.775134 17.988213
-9.859116 19.716723
-8.164000 16.905200
-8.560930 13.691964
-5.638158 13.843823
-5.642881 10.861581
-10.263564 13.025660
-8.400949 13.960001
-5.623653 12.202235
-11.275062 11.133017
-11.320058 5.688862
-9.458536 13.012255
-7.242100 8.193069
-12.360036 13.281636
-10.215800 13.184309
-5.140771 11.347800
-11.106856 11.075029
-5.504232 6.321541
-7.237803 8.239067
-5.616353 2.811704
-7.198630 5.762226
-8.685671 9.003223
-4.202015 6.095123
-10.788361 5.415437
-11.533006 7.171291
-3.316116 5.866426
-6.770359 3.082317
-3.916711 3.851395
-7.087982 1.844286
-6.130135 7.009249
-5.242774 0.607105
-4.826600 2.209666
-7.370586 2.109328
-5.016878 1.506003
-4.418944 1.180106
-4.795639 2.123833
-5.162446 2.058316
-4.013165 1.007460
-3.997665 -5.844540
1.397224 -4.421537
-0.151974 -2.861821
-5.220671 -1.655634
-2.388186 -4.257391
-4.096548 -2.826688
0.498137 -1.390390
0.764485 -4.207312
-2.090177 -6.853886
0.600947 -5.092784
-2.004401 -5.111123
-1.642592 -6.386927
0.635841 -5.840399
-0.547610 -8.395715
0.334099 -6.479570
4.329420 -8.444220
3.357596 -6.683540
-0.811474 -13.625650
2.070723 -11.804780
0.979606 -13.896935
1.831429 -9.930266
0.479607 -7.440021
3.752690 -10.275059
5.974843 -8.996295
7.333597 -14.433812
2.825068 -8.154597
4.073156 -11.625349
4.600047 -14.586604
7.306016 -8.261486
8.518212 -7.461764
7.030566 -9.164913
6.361809 -12.438135
5.861495 -15.309367
8.141782 -14.251000
4.748725 -12.640642
9.699143 -17.304083
8.687649 -10.827837
8.191181 -13.633792
12.078015 -15.749718
13.380002 -16.667764
9.755355 -14.048143
16.260570 -14.139768
11.453258 -14.400631
12.468249 -15.442790
12.446816 -15.657655
9.157418 -13.886276
9.550895 -13.820725
17.026569 -19.942610
15.379956 -17.237078
17.338944 -14.650113
17.950303 -15.143129
14.429622 -12.345112
20.679406 -23.334234
15.632223 -18.987553
15.896696 -23.498639
14.430470 -17.402225
19.041612 -18.551607
21.064569 -16.224793
20.874562 -17.160563
17.626199 -18.501247
16.774901 -17.790900
21.570635 -19.268508
19.658530 -22.200966
22.615865 -18.184062
22.538695 -19.505113
21.408500 -23.629150
25.017638 -17.171131
24.621233 -17.157970
25.768515 -18.247695
25.691172 -13.082588
25.032937 -20.554346
24.193184 -18.466311
26.156298 -21.458090
28.138146 -17.924335
28.431371 -18.314514
28.852308 -19.717907
28.857712 -14.894759
26.566140 -19.523940
33.952818 -21.305028
28.951780 -21.980540
31.581356 -21.382316
32.024626 -17.389150
27.876596 -19.182521
33.978638 -19.631319
35.707626 -24.441720
30.156285 -20.440456
32.784245 -18.735226
37.362380 -20.893465
35.464859 -12.884613
34.123058 -17.612279
38.712881 -19.331662
37.095626 -18.471205
35.902828 -23.832250
42.980134 -18.591630
37.529982 -16.990594
37.266044 -16.349708
37.670291 -25.840771
41.241278 -17.081837
38.896961 -18.755271
35.829864 -23.464709
40.096797 -12.833925
39.329130 -17.674749
43.932629 -15.726131
40.524250 -16.092080
45.967023 -10.577822
42.660049 -16.845824
41.133419 -19.793138
45.904525 -16.844988
43.814257 -13.638448
40.160509 -18.903009
43.419465 -19.989618
41.602049 -14.975662
41.455876 -17.714657
46.119699 -19.125154
46.231765 -18.521250
49.472290 -12.576357
50.040739 -13.918800
47.530625 -14.297777
48.097844 -15.730891
48.302339 -14.371966
48.314887 -10.656080
55.208033 -16.870366
50.566592 -16.422042
50.871182 -17.692767
47.189084 -11.139398
51.830634 -15.080160
52.383225 -9.870911
49.916445 -14.704229
53.062279 -12.582662
51.931374 -14.076522
55.528779 -15.253659
54.056634 -10.331666
54.842593 -14.106554
59.263654 -11.115059
54.430128 -7.834499
56.067236 -5.244603
56.400177 -8.829654
59.114463 -8.598771
58.997751 -8.194408
54.289716 -7.944824
59.141422 -9.842643
57.996835 -7.715705
56.309575 -6.272430
63.926981 -11.605026
60.478931 -10.518032
59.285328 -6.532176
58.787303 -10.901491
56.963069 -6.419032
63.359240 -9.145621
60.214038 -6.856311
65.187536 -1.086978
62.254765 -6.788934
66.183418 -4.399345
63.100722 -2.703910
61.210293 -4.446632
67.588581 -2.429249
60.311440 -3.533401
62.976003 -0.502332
60.996009 -3.018278
61.322004 -1.767428
62.951947 -3.123762
64.658292 3.057808
60.158496 2.025110
59.762393 0.751033
65.833547 -0.543940
72.254345 2.648112
66.188823 1.150583
67.551655 -0.631798
68.903745 -0.591776
63.997929 4.839685
63.768361 0.814842
64.677581 8.376096
64.924851 7.067690
65.297611 4.981976
69.208964 4.703381
67.734949 5.917139
65.834559 4.589346
63.521629 10.156104
70.476785 5.719796
66.396959 11.306063
70.022823 11.188318
65.646591 5.132942
63.257834 9.528279
71.433941 12.844813
64.825654 13.732145
68.144578 6.039084
72.651101 11.879539
68.145807 13.062113
70.315044 11.992590
66.516203 12.467005
66.812388 11.439928
69.603076 15.865510
65.957678 15.641187
73.264326 17.827018
73.435750 11.529654
75.907433 18.092711
68.575956 16.762510
73.615556 20.502097
69.613396 16.142940
72.452693 20.306327
69.628891 17.783831
68.228067 23.951707
70.472018 21.641910
70.886702 21.182603
20.556551 35.638091
29.144308 34.075216
27.786941 37.356328
23.746401 34.972330
19.721481 30.947140
25.909641 34.145163
24.856897 37.645359
24.277711 30.746003
20.750772 34.824774
30.153762 37.488266
21.336711 37.334376
19.376748 28.753455
24.208236 31.768689
23.270190 31.309469
22.974260 31.361370
24.866988 32.962005
21.848026 39.769288
27.711850 37.695898
18.515827 33.747618
23.027455 37.610592
23.958305 42.249421
29.159513 32.905264
26.514957 31.394412
25.083183 31.596134
23.882613 31.908237
24.898674 36.061760
26.181252 38.197526
23.715802 34.490227
26.867441 36.521303
25.500154 25.804081
22.434700 32.705985
26.308677 32.982644
22.583725 37.517531
27.749513 33.928211
20.360780 31.649498
24.186432 32.125016
20.729079 32.402981
19.476677 33.792272
24.474657 31.802911
18.202202 33.789659
24.738409 35.239934
27.334534 37.950439
27.038754 32.446388
24.847843 34.416561
31.149002 36.496611
27.644670 33.067129
24.842054 35.813735
22.480853 33.291994
23.279209 34.835468
28.530039 30.931643
26.262979 38.992297
23.141510 33.669396
29.100894 38.481019
26.584367 40.317287
28.203092 35.836536
23.696913 39.955449
30.778955 37.909860
25.239454 33.801558
22.922080 28.807380
32.150487 33.466502
22.658744 33.375363
24.149665 34.531426
29.056937 33.178667
23.264362 37.572623
26.871961 37.204396
27.661339 39.785030
25.621149 39.584084
25.087276 34.356874
24.705299 40.149458
24.953193 30.512798
26.777322 40.663175
23.637925 34.951641
26.127403 39.258870
26.008123 40.089923
28.587496 29.397681
18.586154 36.957774
22.978720 35.946526
24.354245 36.559690
29.207231 33.550941
23.636051 36.944399
27.013831 39.635189
21.971070 35.612672
27.441785 32.061127
28.124480 35.270782
24.578666 36.481917
28.175808 34.912250
20.233962 35.860232
19.987875 34.722833
23.979064 30.226642
24.798013 34.010587
29.854870 34.878774
26.805408 30.547605
28.720910 40.008952
21.881728 36.489473
24.829418 32.662230
26.169470 35.599270
29.214516 31.101648
26.319541 35.864651
28.729562 37.354080
20.873430 33.547432
21.449915 34.208486
23.782887 31.899177
24.961641 37.534006
27.880198 34.993893
20.989552 34.108223
24.853055 35.701368
28.579783 29.566833
23.382999 29.456715
22.019712 31.369074
26.882572 40.222957
22.029056 41.276331
19.912956 34.919342
27.196424 33.368515
26.947055 37.723019
27.054687 39.167828
26.025711 38.285233
20.644785 36.814598
29.278571 36.474412
25.349202 28.372169
21.778218 32.748685
28.819982 40.096744
21.121938 36.019366
22.351916 36.310922
19.699440 35.906510
18.652063 36.795729
21.926885 34.357048
27.622771 33.400270
24.512573 36.243735
26.462295 29.895896
25.744308 32.143979
26.653452 29.957528
20.657193 36.326760
29.073314 36.906489
21.696264 33.415189
25.650262 32.162750
23.505400 39.676042
25.604229 37.450950
25.003171 36.455682
26.110002 33.338113
21.212003 39.428066
28.580676 34.562057
29.241955 33.236383
20.425100 37.285941
24.617782 27.867295
26.498554 31.491405
19.688890 37.240447
24.537264 37.527382
23.598850 39.056568
29.080095 35.394370
26.650459 34.630474
26.085645 36.062932
23.043336 37.590724
21.002647 37.354890
30.565731 39.597919
27.145714 31.992764
25.384503 39.606659
24.594718 35.967089
27.332566 39.768831
21.657730 38.193264
23.024719 36.549396
21.316624 33.112438
22.521935 36.937417
25.023390 34.694024
21.182218 36.976633
28.292923 38.804920
26.090957 35.095378
27.754073 37.797652
29.020046 37.239302
25.657920 31.558600
20.551446 33.164513
32.513016 34.109800
27.488806 40.059137
27.092988 34.303675
28.099074 37.139543
21.153164 31.754081
25.212342 35.066518
26.160958 37.851178
22.469762 29.968489
27.179965 40.849935
23.119692 27.687597
20.614402 35.627379
29.112650 36.415365
28.713871 34.469665
23.000342 33.958111
27.109966 38.607964
25.734990 37.147820
27.496695 29.219507
30.218373 32.640618
28.879211 34.419889
23.727782 37.786260
29.565270 35.914052
26.623248 34.539798
31.362820 35.411331
24.094727 33.142931
23.429797 31.802903
26.027907 36.334752
23.625460 39.404446
21.022478 33.391701
26.978574 38.112256
21.826487 32.250715
27.455724 33.263872
27.031860 30.168009
27.400723 40.031244
19.524671 37.446920
25.592088 36.772749
24.141051 33.857692
26.247115 29.841384
19.732045 38.759248
24.129649 39.016569
25.737585 35.758458
21.407868 33.907325
24.766153 35.048250
21.307831 29.809699
24.913292 38.022985
21.179625 39.090164
21.588808 37.663449
22.539332 33.781896
27.090304 33.615003
25.026645 30.417856
26.791535 39.833724
24.880694 33.013555
21.105065 37.276115
23.799393 34.243657
27.827004 39.176515
23.371350 38.213914
25.587455 31.061721
26.182389 36.559384
21.307805 25.431797
25.421743 30.016858
17.653555 31.003714
21.296784 33.108615
22.890319 32.512803
27.931163 38.452522
32.491439 34.313785
26.008691 36.579392
29.697343 35.179039
23.853561 36.728658
26.112302 33.809843
25.035832 36.066970
35.995599 36.308004
24.980513 29.077974
30.348675 35.936120
28.328496 31.261896
26.615123 33.478443
24.607350 38.337583
26.202882 39.913961
27.067356 30.530889
23.780458 34.109146
25.819186 30.046182
24.598796 32.404557
26.537886 33.990840
19.780927 41.985986
29.452702 32.006887
30.773551 37.437861
30.522932 41.274477
23.093404 41.244151
25.745644 32.396711
25.815225 32.691820
25.018139 38.996043
21.199304 35.816936
23.875684 34.969422
25.172837 36.342267
25.825744 29.211860
25.437323 35.077458
28.954210 32.984163
20.527092 35.836500
32.101258 37.170594
26.587379 37.080800
28.517451 36.145975
29.421484 36.966664
23.442538 29.092161
25.496537 39.209688
24.142763 38.272370
30.746403 33.393015
25.861586 35.220904
26.027832 36.357314
18.136368 34.337564
21.111958 41.018745
20.343706 35.222280
27.226792 29.442559
24.018429 33.970762
25.998838 32.967554
25.075743 39.918861
28.910930 35.454807
30.410102 31.255450
25.700421 35.961473
33.069788 37.754391
25.596935 34.811422
29.543915 31.786411
29.737930 36.779491
23.477727 34.485690
26.911825 35.840689
26.370308 37.991010
22.254248 38.119827
25.632739 36.591604
27.281534 33.524503
22.183582 30.531063
20.881624 34.574489
25.158784 34.076017
30.315262 34.465166
26.808189 39.083218
23.286790 33.320099
20.513241 30.206243
23.447012 36.511580
29.638990 33.866677
27.992434 32.486654
29.693163 31.757609
24.820164 35.463783
22.494103 40.010731
24.968336 41.206608
24.867344 30.350727
29.463098 37.896806
21.837287 37.812995
22.482353 32.428412
25.542532 32.852467
31.217929 31.864340
22.702312 37.288813
28.082698 35.001846
26.154725 32.666770
28.178247 39.814443
22.148559 33.543720
25.365677 38.605392
23.830453 34.521920
21.692587 35.971448
21.326746 31.697916
26.863728 39.757577
26.664078 39.311143
28.002723 33.966556
27.877328 36.854180
21.908770 35.027302
27.346568 37.389449
23.467491 32.169036
29.351700 37.152094
27.032131 34.191997
26.783206 38.363882
29.413638 33.952943
20.477501 34.977481
27.049165 39.085383
27.275174 37.836648
23.260420 32.886163
24.833295 36.080525
27.662131 27.992814
24.636202 41.092777
26.060301 36.214913
27.698773 35.230772
21.755718 37.357282
28.251119 30.892243
23.800348 32.235180
24.382810 34.074047
23.138254 28.857185
22.443581 32.466742
22.109449 36.739962
23.781282 37.428908
23.511509 36.750943
21.587044 35.408520
21.877993 38.330501
28.762424 35.561959
25.347151 44.031901
20.981019 30.476939
18.733087 31.238617
19.854151 34.936563
25.768100 35.801551
23.441704 36.621618
23.645215 33.735820
27.068111 34.819785
21.968795 39.130907
23.909929 35.986212
25.017459 37.388134
26.719498 29.014271
20.992465 38.076872
25.096956 33.115537
26.236598 33.445342
24.690152 33.878758
27.899769 30.516915
25.758849 33.924935
18.316679 31.851497
26.291143 37.797946
27.207759 33.217181
21.303682 32.895162
27.594323 36.101420
21.026745 34.830759
26.589663 34.381397
21.331738 34.214830
25.606166 33.198101
23.919314 35.322298
24.170842 33.455511
22.216795 36.147106
25.819388 34.700213
25.735129 36.673300
32.797658 30.840444
25.488983 36.764169
25.519526 32.390673
24.953480 30.820676
28.409003 30.459198
23.384273 32.979542
27.684298 38.579935
27.097920 33.096028
24.440858 37.898426
24.352616 36.193579
21.019376 37.582456
22.819695 38.015690
21.969054 40.857685
26.914848 30.443705
26.388606 35.701455
24.165257 35.722717
24.177535 29.683712
21.011895 36.733215
24.201394 33.695533
22.274093 34.087482
29.415110 37.842641
23.458822 40.288277
22.921461 32.215736
22.202300 36.551216
24.896003 32.025273
15.140044 31.668003
23.379402 39.648027
28.060828 36.966062
23.046373 34.839846
27.145012 36.125522
25.848266 24.186951
26.178967 34.680762
24.847472 42.059276
26.802811 33.288215
27.483602 33.820891
25.639815 30.556215
28.573597 37.796190
20.331574 36.977690
29.580236 34.291704
25.096702 33.218773
27.677950 30.139061
23.199038 34.618749
23.120219 37.136142
22.343935 31.384541
25.887148 30.389561
20.504370 34.629513
24.576166 34.121955
22.763902 37.767109
24.740955 30.420083
22.755799 32.898547
28.015478 40.077072
29.122890 33.559941
24.049422 30.746336
23.444841 36.229213
22.777979 30.243488
29.282325 41.368729
25.688248 37.691513
26.944410 38.596632
25.490470 32.953919
30.211390 39.268486
22.496717 36.585894
27.363737 37.183684
30.775133 31.674556
27.115517 38.972495
26.557739 36.800506
24.078519 39.983255
23.369480 38.114102
25.789718 37.185102
25.989151 30.515366
19.700630 38.895521
28.508598 34.815930
31.155634 37.206820
28.662171 39.386258
27.499589 29.995917
26.361882 38.661819
25.843483 34.139379
26.278821 33.483157
26.023621 36.942244
24.026149 34.785892
25.004728 31.990875
22.519759 35.237692
22.246427 36.058575
27.437040 30.279842
22.906176 35.510104
24.516052 37.494204
29.654414 36.659470
23.105787 36.188386
27.708712 38.933973
23.448247 35.610388
29.020711 31.396497
27.532763 35.825853
23.954806 34.665567
23.513385 34.446012
23.777805 33.364190
19.244828 33.130346
24.049667 29.695708
27.852316 37.805526
27.120842 39.557945
26.056609 32.169284
18.826492 35.825099
27.048837 34.301599
27.944918 35.678040
24.190667 27.114029
28.066653 36.142965
21.786397 36.226864
22.870204 35.983109
25.048954 34.264200
25.464823 33.616220
25.767131 35.554418
26.923187 32.889704
26.266945 33.058442
23.355188 33.709503
33.376616 40.369509
24.347150 37.178263
25.088875 35.382444
30.629472 33.184078
21.776058 32.658746
22.646950 34.168400
23.830812 32.600183
22.083610 29.448379
26.408377 28.449383
19.907554 30.460553
26.788831 37.073236
22.963690 43.476736
28.899950 35.346969
24.380388 35.823462
25.165521 33.503462
25.877597 34.433021
26.068459 30.495713
29.213642 33.709615
19.843583 35.315039
26.045902 26.793262
24.752170 34.633709
25.830271 41.833472
25.911749 34.465698
24.680068 36.922870
21.869394 34.408763
27.519212 35.413324
19.326800 34.920452
22.402269 36.923441
28.303263 34.209522
25.598839 36.820212
26.412587 34.166644
26.499135 36.908857
25.018241 34.851620
31.499841 36.387084
22.839938 28.390928
22.021099 34.258053
23.358045 31.335044
26.061968 31.313878
20.685480 31.541885
26.328578 38.955064
26.554469 31.657026
20.095661 38.121328
24.752978 35.094944
23.902618 36.164693
23.644379 35.398598
26.429858 36.688148
24.355254 33.478640
23.365704 30.281764
20.253664 35.636854
26.011544 33.995254
24.926364 39.719399
23.443369 34.356200
28.084784 35.698670
23.714295 35.031745
23.721658 34.816434
20.088129 34.324843
23.063386 33.834156
29.154774 32.832649
21.368576 34.460961
21.122210 35.578647
29.603911 33.091542
21.327557 42.440605
26.803495 34.230643
27.928828 30.515419
25.960621 34.844846
28.526803 33.585332
26.116578 33.211076
26.603612 38.713967
25.526346 23.366832
21.795354 35.930699
22.535615 37.121409
24.472942 38.089980
26.947903 33.212314
22.600501 33.956189
25.471572 39.718348
27.525767 35.501041
24.816364 33.657759
27.146306 36.831198
29.236307 37.866983
26.156779 33.884600
20.579957 41.242571
20.795109 35.063044
30.355383 35.265476
19.701200 32.692733
21.875464 31.460846
29.685351 32.507782
29.356580 32.156821
28.911452 38.240503
23.806238 36.465435
17.623807 35.099071
21.795322 33.977722
22.687987 35.761547
27.563876 34.363524
28.608089 36.052121
22.285811 37.676517
32.154634 38.397454
20.595655 34.524736
21.762460 33.371323
18.783094 36.602633
27.176509 32.819145
20.767376 36.144459
29.258210 33.930135
26.127378 29.995223
25.198301 35.855321
21.039526 33.891165
23.277963 36.628097
25.063526 40.641518
23.004913 34.465545
26.003436 31.015719
23.695809 37.219233
26.857746 35.276638
21.458648 39.956274
23.648611 36.291041
27.875081 32.726853
19.338813 34.755681
29.906581 26.501654
22.201972 33.742590
25.866167 34.689378
28.175894 41.035367
31.011684 35.599833
20.306981 34.812806
32.517606 31.090465
29.027780 38.200846
20.582537 35.770702
22.466535 35.715044
27.433271 33.854957
27.894703 40.050071
23.713264 37.189240
26.477988 36.865942
27.449559 37.546156
25.377090 30.582010
25.009078 34.592157
23.813416 36.093520
32.709239 32.938818
21.504191 29.221888
19.562656 37.901330
27.403693 38.082629
20.444520 35.116591
25.756352 31.826716
23.767242 35.867898
26.653772 37.715230
23.105159 34.174640
25.940887 38.327693
24.242841 38.246259
26.186118 39.573106
28.113419 36.396070
26.365055 34.408052
26.237197 34.393843
23.618707 36.336543
23.082379 33.744119
23.681760 32.543089
26.441038 34.918759
24.106519 34.982312
27.912168 39.662816
25.189583 36.491573
29.653978 36.169081
27.727643 35.209810
27.808563 34.615432
29.047546 34.505994
29.870445 37.184953
20.654725 35.257506
26.612605 36.520708
27.543906 35.683810
26.195224 37.100481
27.563257 34.039260
25.893566 35.200466
25.516365 34.323021
28.324368 41.958676
26.295635 40.659835
27.215816 35.546363
22.425418 38.847977
25.887577 31.345450
29.568400 32.407453
23.781909 29.978558
16.959000 36.683207
27.237866 34.813724
24.737746 31.632561
23.217058 38.595143
28.945773 38.642012
30.372053 30.886821
27.795076 33.897543
27.037405 35.292783
23.048160 39.017136
23.143616 36.724530
27.219307 32.921776
28.158842 31.819818
26.562757 42.082003
20.628045 29.734451
25.994393 29.152170
24.067756 36.120531
23.436060 41.223578
26.521476 38.078957
28.472899 35.815232
32.401483 28.970306
28.750678 34.447386
22.227343 31.740855
25.145399 38.166079
29.343161 31.949614
24.792977 33.004174
26.369317 32.949024
25.590401 31.236331
24.523609 32.008760
25.215700 34.739678
24.065451 34.007857
22.227706 31.190426
23.024420 36.501666
25.087003 39.042835
23.874746 37.385964
26.769147 33.149281
28.408887 35.151357
22.928257 34.714641
31.505613 32.620065
23.475887 35.203560
25.379933 37.755203
21.566740 34.003224
21.077412 38.703982
26.041432 35.415938
20.086235 36.011416
26.879121 36.887332
28.654806 36.869397
20.331640 34.927541
26.986872 33.801191
26.388883 31.775952
23.137679 34.275408
28.472610 29.811813
33.268930 35.143169
24.467371 38.246217
24.628487 34.499109
24.338078 31.673863
28.321253 37.209095
25.647236 37.785395
22.922741 39.374170
29.130735 34.842781
23.902506 32.875360
26.796502 30.451932
26.272311 33.536398
23.769644 34.816881
31.706205 37.536643
21.971516 38.416809
22.148117 32.411277
27.366059 35.074479
26.311126 33.281785
25.131390 34.341502
24.226794 36.343649
27.056310 33.992575
26.583922 39.845213
28.035277 35.862005
25.965438 36.648695
22.101789 40.193468
22.804093 40.331612
22.492086 37.833118
24.722192 35.256871
29.053161 34.307642
27.321918 33.949097
27.392530 35.447202
22.110797 31.585807
22.047993 32.129397
31.982201 36.034669
22.513533 35.730867
31.122998 40.112792
20.486496 38.957027
27.229288 38.034754
25.370983 36.238469
24.620325 33.921391
30.140781 31.108232
20.724526 34.399878
23.902317 36.281753
25.766408 37.821270
28.666852 33.711496
26.126210 29.238558
22.664921 34.714948
26.342553 31.580055
25.857386 29.787237
23.589880 31.766125
23.241557 33.281252
25.150322 32.283785
24.620896 28.651480
27.663175 34.166038
20.595673 35.182612
29.407726 33.586018
21.903110 39.289058
26.090425 31.906617
27.915698 32.427239
18.978624 32.679817
25.442542 30.887700
27.244341 36.546258
27.481766 36.104572
27.220011 34.362847
24.275188 38.048749
25.819991 33.293203
28.631813 32.239302
21.951012 33.090149
27.819382 36.327839
26.091572 33.427108
21.641623 31.787520
25.231565 36.997857
26.038238 35.576466
25.174995 37.585548
27.002479 40.895877
26.707440 32.418809
29.055588 31.416961
27.064540 34.036040
21.804776 33.064908
22.652715 31.466681
23.061143 37.021690
20.404660 38.353694
19.054559 39.559744
20.815766 31.061232
21.368562 34.055089
25.191801 34.426771
29.384836 36.359507
26.975665 30.916099
24.401831 32.056951
22.927327 35.554221
16.886266 32.036835
22.207558 29.771313
26.312519 27.726123
25.125313 41.448369
23.478968 36.192254
22.449312 29.663557
24.652301 28.056379
22.435493 34.291742
26.801906 34.165687
23.351960 35.769221
22.849404 32.210689
27.817064 33.640769
20.608788 37.786036
26.063563 32.687213
24.867277 32.493519
21.122631 34.832789
23.394260 33.380001
24.437803 38.313289
21.784171 33.578048
22.752671 36.286985
24.112001 37.308204
26.481108 27.963909
23.938607 37.339056
22.465994 33.091049
25.155155 38.100339
28.385647 35.894463
27.551440 40.578232
25.050660 31.474269
25.663534 34.787626
26.621221 35.988098
22.452517 31.474894
27.817080 38.012946
29.309150 31.317642
27.089015 32.461358
23.384721 34.847468
29.126523 30.300394
27.049616 35.876647
24.697295 32.833726
26.390075 37.589553
23.260880 32.563747
29.603947 32.538339
24.287803 30.626520
24.163216 32.932834
24.017402 38.507022
30.144471 30.969367
26.485883 32.424052
27.574800 37.658652
24.139409 40.846787
27.237385 34.448394
31.113414 38.795418
29.332217 39.884991
22.079689 36.360721
26.675810 33.999399
22.470877 33.438267
26.651171 35.720860
24.784089 37.484350
25.905448 36.407574
21.659618 34.614423
21.640628 33.540339
21.968055 36.872072
28.062390 37.892901
25.339577 32.998858
25.291491 35.341254
30.281612 34.334191
24.917751 34.312685
23.534397 36.171054
20.810186 35.285017
25.127316 41.252976
25.037279 35.173751
20.779274 33.698895
22.779593 40.036888
28.454233 37.551591
21.441276 33.392241
26.749900 38.680889
25.619399 32.976814
24.405893 34.135255
24.239783 37.669258
25.030970 40.661486
26.701598 30.207566
19.168900 34.472280
26.990706 31.021528
28.251813 35.948914
28.631279 34.516072
21.829241 40.428046
26.278266 26.745276
23.405150 34.440482
23.921630 31.340194
25.587224 35.968443
25.951747 42.068219
29.831232 37.414670
26.988764 26.061326
23.023077 31.213132
24.538792 38.316323
25.304906 30.287990
27.437758 30.836593
27.226108 37.719657
21.143375 38.065207
24.915653 40.845853
23.300170 33.036066
26.665870 34.490506
26.830053 31.786789
26.372984 33.657917
21.882486 37.958159
26.000296 30.427830
29.659431 33.451339
24.733189 33.321444
23.036872 34.886584
25.020415 30.938756
27.595034 32.293656
25.835214 36.771167
24.916510 36.744677
24.329032 33.743865
24.003868 39.325114
30.872466 32.445874
25.696654 36.026844
26.250254 35.140394
23.610165 35.097660
27.334477 31.129288
22.991690 33.227095
22.412143 33.642753
21.934674 31.945215
22.042687 35.887591
21.795280 37.531367
24.475531 35.545543
27.428518 37.218239
24.226117 35.263672
22.849300 33.790076
22.060459 34.356826
23.937102 33.748403
28.249617 38.858567
23.754866 35.124414
28.974196 36.307437
26.488264 34.884908
23.545244 42.368281
24.348801 33.309578
25.572276 36.594966
25.094468 37.696374
26.702031 35.254937
23.273284 33.250020
24.688315 37.888797
28.224433 35.209139
24.909865 35.936776
28.230607 31.965574
27.138380 35.357192
21.297134 37.086017
21.604668 39.877859
23.332430 39.261989
21.678977 30.982981
28.435960 36.069655
23.808056 32.432484
21.112826 36.264722
26.096612 31.458709
24.585468 36.449481
25.053974 30.821509
29.736897 34.561293
25.302091 33.110150
24.798217 38.619993
25.983047 38.139565
24.835272 35.540316
28.726634 31.040290
20.292038 35.857402
29.108553 36.104770
29.982724 37.526923
30.850473 35.081431
23.938439 37.766174
25.904214 35.601080
24.434918 33.378427
21.581836 31.021951
21.671313 35.479708
20.814153 36.499321
23.515805 37.478571
23.849468 35.373207
26.217784 32.763824
18.305200 32.496479
20.141518 34.385314
30.874242 35.444342
26.066342 39.293726
23.133434 35.031343
25.436784 35.348903
28.349121 32.165478
25.763263 39.762175
21.310279 35.166659
25.575562 34.566814
24.534791 33.066676
23.976060 34.992307
12.865641 12.304914
17.723837 16.427614
16.500898 19.885546
14.835557 17.064484
18.205844 22.442634
13.728944 17.331612
16.935494 17.708810
13.488251 20.424401
16.178749 19.815928
18.057387 18.208993
20.639684 24.241354
12.138456 23.908994
17.315564 16.680496
18.545464 22.988377
16.933152 15.431900
18.727839 10.805561
14.706381 14.523940
16.287211 15.060119
13.271432 25.032545
21.546963 16.345617
11.148630 15.091680
12.923367 22.428236
10.758891 16.871130
8.565215 21.491042
16.431426 17.287538
14.458586 16.899858
14.220550 21.166931
18.503694 14.155853
21.679816 19.860325
16.287690 12.868259
19.318617 15.901134
19.745413 13.126677
19.292177 13.697235
18.889248 19.604785
11.268523 18.815862
13.162446 16.679036
16.844407 23.036315
16.174301 20.618306
16.534774 22.255850
18.511147 19.166587
14.741541 15.520861
16.507441 17.232433
21.206434 17.245981
7.563434 24.106724
9.119770 23.412478
8.815164 18.917844
16.734265 22.375446
16.431828 14.030782
11.016750 19.098880
15.910137 16.807251
12.832514 21.370997
16.239575 21.724139
17.177420 16.700588
13.936549 22.072473
16.207247 11.330158
15.874975 14.614958
15.283175 17.328218
21.937123 19.039426
16.056056 17.309542
17.978629 16.927576
12.731644 21.624041
13.982635 17.630283
15.702408 18.170468
13.500151 20.380769
14.240391 16.439824
12.011956 22.509269
13.771959 18.683807
13.588099 20.773840
17.006188 14.017250
14.630155 20.019116
14.318034 16.108175
19.599642 16.921698
10.161505 19.502972
16.949271 22.225081
17.074464 15.105775
19.765605 22.767390
16.638835 16.873492
14.574404 14.490014
12.390188 21.465799
15.268949 18.004525
18.975050 17.701499
16.147272 17.355127
9.302496 18.875693
16.965598 19.009411
15.870036 20.655139
22.971878 11.390886
5.722215 19.090365
9.822674 15.311568
18.168196 20.095227
17.301700 18.232529
13.054832 14.229099
18.994782 18.513334
17.577181 19.346849
20.446079 21.619334
11.038361 18.496570
16.624145 21.213359
8.478616 16.296067
12.988195 13.538459
17.815725 18.309218
18.654388 16.995687
12.472940 16.124286
16.323164 17.830059
19.257743 16.256311
13.734267 21.470185
17.167214 24.448940
15.503413 17.463197
12.294957 18.451284
17.835037 14.548923
11.574017 18.819096
15.927994 20.398197
9.496846 18.770087
13.781425 19.322749
17.747569 15.731891
13.333916 20.253669
13.475004 18.706470
14.869379 21.575412
13.634393 18.687350
18.469897 17.883307
13.017976 18.859456
14.889017 18.777423
18.529234 19.152419
17.498520 18.273666
17.106207 22.779966
13.481964 16.636548
15.440982 18.141139
18.130037 20.319100
15.558684 20.741906
14.341966 17.507873
17.443119 13.735541
18.722300 20.567017
14.307628 16.426148
13.692957 16.275714
14.379908 21.274481
11.473986 17.882155
14.744342 13.102215
13.868699 14.574302
15.712443 15.100402
14.043525 20.141174
12.187640 19.242887
13.286990 18.534736
15.808665 18.956733
16.503602 19.633127
17.587957 20.362857
15.981419 17.679857
17.493048 17.391620
16.118959 20.691928
13.561723 19.764185
14.191439 18.611048
19.352317 10.730777
17.897020 18.978378
16.008016 15.121433
14.737545 22.441725
14.924545 16.034016
13.951352 21.367511
19.041890 18.275253
17.763211 15.340153
14.347085 21.603352
19.862919 20.917916
15.837881 16.601347
14.919551 20.413069
15.157144 14.365532
17.656876 21.678077
10.946495 19.540397
12.211210 12.193549
15.862300 14.144518
16.356594 16.276043
14.723959 10.881921
15.246427 17.459878
10.734144 19.097437
17.755588 19.479716
9.291797 17.438165
19.094633 14.829426
12.422177 16.995819
17.360443 16.262005
12.467129 18.492437
15.101614 13.530683
19.592496 20.142971
14.278095 13.238991
17.168688 14.603972
14.698737 20.511448
7.794098 19.097659
16.481902 19.082685
18.272219 17.774384
17.665994 18.732925
18.661011 19.618960
21.342432 16.951597
15.510226 19.707086
12.800056 20.409419
13.823948 17.589707
11.841636 15.352693
18.997596 17.514221
12.252631 15.931339
8.765997 19.422537
15.255360 15.536242
15.560216 20.124699
21.419030 19.616756
13.561503 22.374739
23.339288 20.655155
11.019598 19.296531
11.921725 19.094689
16.878042 17.673244
14.020792 18.856682
17.311987 25.918618
16.096359 18.057087
9.161899 19.514576
18.666639 14.426541
13.079128 14.631602
8.612748 22.715094
13.257993 19.291015
17.492614 20.918643
14.995314 18.872697
17.631724 15.784631
18.427923 15.927819
12.269814 17.930762
18.029558 21.035426
14.322653 15.959452
17.840086 18.052404
14.836502 16.616713
9.205010 18.939136
18.017910 19.926530
19.073526 12.082906
13.521420 13.898826
13.062949 15.637757
13.385062 16.800337
10.357063 21.960692
15.281995 13.692463
11.422611 19.325324
18.994224 15.484937
7.306239 22.593742
10.801765 20.132304
14.723686 13.667213
11.520970 19.224085
16.557152 17.014775
14.907074 18.154817
12.858189 20.852160
9.582693 16.738679
17.063473 20.589214
13.354048 14.944412
15.239218 22.201135
12.141740 18.243379
12.099989 21.471499
14.643908 13.756540
14.771581 21.997632
17.581927 17.654142
14.610422 17.555518
17.991027 17.247023
11.647085 20.568216
19.635997 20.644854
15.521437 13.195272
14.765008 20.333184
9.900096 18.865235
15.478244 9.826430
14.009833 23.116853
14.545453 16.018709
13.420080 15.079624
13.549190 16.320334
16.032920 15.223924
13.400165 24.327372
14.454040 21.172579
18.161766 13.259256
14.404398 16.447418
19.696570 13.373807
16.531949 18.106894
16.886687 19.698541
17.585502 17.328484
13.957723 17.841939
18.045982 26.082353
16.185200 21.453192
14.109341 21.441917
13.692690 17.995365
15.280812 12.417103
21.269501 17.774304
13.397358 15.122867
12.995327 24.698417
9.783298 18.429197
17.152437 15.263306
15.612905 18.444273
17.389065 11.188704
12.403972 22.357150
17.240810 14.150646
6.191868 19.903804
23.480894 14.080406
19.501689 12.788084
12.616011 18.594936
16.654050 16.373516
19.706986 17.753038
16.614747 23.561153
11.857660 17.688696
11.804372 14.519064
17.600795 19.516587
16.606440 22.320261
16.087678 26.024521
14.878805 23.556060
21.870790 11.286371
15.519665 14.900615
10.920182 19.537866
16.180585 19.655123
16.900293 19.425455
16.409298 17.508488
12.048581 15.282077
16.673904 20.506822
18.184984 12.747212
13.378655 18.185303
9.614399 21.141406
13.209347 20.950594
16.446665 17.875422
20.284738 17.764585
14.459177 15.795727
14.669432 15.441381
21.124077 15.551293
17.680591 15.077398
15.135291 16.604885
19.054434 21.043779
13.706141 23.096672
19.611247 21.855777
17.088747 14.481210
16.718146 14.260872
12.902216 20.767557
13.394766 18.522724
11.458872 21.646750
8.905393 17.174550
12.287652 21.192454
12.806214 19.213133
13.995244 19.852175
18.413041 21.104322
16.717127 18.884123
10.271237 17.626200
18.156563 18.373351
7.863091 17.106215
11.995186 17.989417
11.419708 20.796177
15.595996 16.216724
19.419046 19.000110
18.598812 19.729691
17.347599 20.327688
16.850338 14.308144
11.940081 13.332042
15.924577 23.341852
11.003500 18.649709
12.199125 17.111623
16.149872 19.527448
14.910405 19.838295
15.902137 13.857438
9.330864 25.631667
15.297036 14.855063
15.098439 16.003030
12.627888 17.148251
12.856524 13.937965
13.333424 19.328452
17.066972 16.214493
16.725626 16.031688
14.093138 19.563154
18.591224 15.965714
17.018024 21.288720
10.739015 18.546025
15.006229 26.288748
14.456916 22.713948
18.273364 14.750349
11.686752 24.742996
19.228025 17.652138
16.017642 11.443419
8.144739 15.995373
13.331456 21.902762
17.527723 19.419988
19.258872 19.380520
13.494718 20.539092
14.311541 20.385069
17.579786 19.813954
17.134243 17.147440
14.417958 19.252071
14.359576 21.769025
9.193486 19.354757
15.522351 24.323786
18.714511 15.329350
16.721041 13.052527
13.100615 19.086022
15.303829 17.514911
10.544118 17.698537
6.854761 15.716757
18.152119 18.764771
15.523557 12.382692
14.243043 14.174271
14.470109 17.810871
16.697618 11.485882
21.289661 23.048762
15.524597 17.458278
14.599006 24.604271
8.941788 15.513751
17.192417 18.445564
16.521660 14.629029
15.174246 22.063156
13.410260 18.257489
15.646788 17.615953
13.318364 16.741890
13.056117 15.239353
11.272778 16.673539
14.976931 18.710388
15.429153 14.888118
16.021338 19.141578
14.175722 15.823591
14.091919 20.104665
14.968523 17.853988
13.954599 17.478817
16.565317 18.477571
11.987445 24.310287
17.358344 17.278602
14.002300 20.220449
11.441478 21.672699
17.730206 17.827529
19.864615 20.882893
11.793426 16.697048
14.696164 21.872150
17.108225 17.578496
15.729019 18.418035
15.816544 18.710918
19.605709 18.978009
15.568652 17.140896
20.195556 15.375733
15.565423 18.475439
10.109196 19.075389
16.735429 20.704130
15.484421 17.345124
17.985547 16.401323
17.766830 16.067778
12.267868 18.201917
16.893797 18.127983
14.649929 23.147407
14.744953 17.736269
18.591344 16.852325
17.298420 18.056003
10.959110 15.531375
18.455664 14.487625
16.858100 15.915152
13.555861 16.455403
19.334160 21.613419
10.586166 16.998276
10.783203 18.932221
16.313938 16.971884
10.894127 16.024205
17.892074 17.176831
19.386409 17.890130
14.434959 15.843946
12.382670 18.389310
13.670403 19.155178
15.629996 20.322170
15.588342 19.457223
13.267972 22.391690
9.956968 18.278174
17.029446 20.696901
14.667384 19.064942
15.885176 16.926682
13.674803 16.190264
15.499603 24.264261
17.640616 16.373332
11.188105 18.930056
24.620629 19.070960
7.455371 24.713498
13.034853 26.637422
17.328856 17.631283
12.990632 14.605850
15.510375 18.447775
13.445368 11.761566
15.689718 15.524614
15.601584 15.195765
15.572860 13.763183
12.584657 14.253049
11.328666 17.456884
10.439724 22.814054
16.240084 20.299062
16.852402 16.046768
11.612587 23.371474
14.264182 16.147603
10.640346 18.084094
20.577217 13.375945
15.748002 21.584365
14.480842 11.959856
16.081974 19.381044
13.485830 19.591526
14.751731 17.107891
19.245631 11.094699
14.243110 24.110332
16.620275 16.684922
9.966430 13.955771
20.701577 20.198868
14.031097 20.305869
20.515846 20.246754
14.793979 18.532174
23.146497 19.584980
15.518329 23.937675
14.965342 18.500295
15.468306 14.420809
15.667400 18.120641
15.370929 19.744683
18.796704 21.320217
10.592041 13.825309
13.967292 12.390895
18.227526 16.920225
19.019877 20.464816
16.015805 17.093857
15.080517 13.343240
11.967453 14.024155
16.733123 22.424288
9.679594 15.966476
7.801300 16.881587
16.433342 20.527394
16.165115 16.508659
15.967217 17.694568
12.927252 16.447141
14.406606 21.619081
13.010030 21.154122
15.743803 13.415388
14.065499 20.985779
15.068573 16.624706
17.121210 16.298159
15.716136 21.533919
18.765384 16.159694
17.136071 13.008842
16.817808 14.889672
15.518677 21.498597
17.922806 17.286519
19.043810 19.552887
17.661160 15.203407
13.066470 18.493996
16.879294 18.834186
11.235662 14.090633
12.993305 17.445778
14.387169 19.865784
13.039466 20.282692
16.866944 25.646650
18.915698 18.051859
17.574718 18.256609
16.525050 25.480079
15.953346 18.571572
11.767782 14.810516
12.663408 23.217237
15.470652 15.503005
15.054033 22.923475
16.146559 19.553051
12.267906 14.509403
17.018935 15.865138
17.399818 15.504773
14.389691 19.940376
11.685034 16.486884
16.347999 17.868337
14.329006 18.083353
17.969819 15.479153
15.450380 15.215089
12.919798 21.637985
12.467922 19.495574
11.113319 14.441699
14.735734 12.539252
11.705997 18.951808
16.196077 22.659805
17.553221 16.067296
12.027023 10.187288
12.150016 17.996069
14.580122 9.664754
10.430614 18.632848
16.794116 17.729200
13.796181 19.110578
13.785179 13.523624
18.180732 18.190633
12.543919 19.551554
16.240623 20.122781
14.552795 18.276315
20.322874 16.636763
17.134473 16.403033
15.175466 21.797746
19.377990 17.768193
19.744305 19.108286
20.439744 17.996479
19.711910 15.261299
13.293598 22.677319
15.047310 15.783302
17.639173 14.896647
10.100629 17.497687
15.645768 18.836146
13.776317 18.883441
16.990407 18.607985
10.667521 24.023255
14.606477 18.709181
11.709971 16.116984
7.757140 17.366418
8.908992 20.744789
14.759977 21.151443
11.274284 17.009944
16.687819 19.102411
15.038907 20.445428
17.218572 20.701350
14.118101 18.842548
13.600678 18.240811
18.075708 17.388722
13.556202 13.959559
13.365394 15.907681
15.128528 20.937794
17.350298 16.618800
18.086729 19.667728
13.172622 18.191345
15.099083 16.250051
14.640082 23.125315
17.475027 19.619122
15.709387 20.571213
12.259321 14.340424
15.260890 10.120418
13.679541 22.680780
14.217212 18.705969
15.893009 16.757161
16.340165 18.302831
18.542042 22.697936
11.647748 18.500519
16.069461 23.939384
20.426158 16.131883
10.985932 13.884499
13.111468 15.438843
15.801862 14.488274
16.496734 18.693115
17.668985 17.181957
14.620592 15.332494
12.999305 19.081320
14.408146 13.541756
9.938334 19.706693
15.262064 19.236044
19.187586 19.497536
14.813484 20.915887
14.477267 21.858708
14.801669 21.274539
18.207130 15.175284
13.736565 17.225542
17.855621 20.127420
15.721371 13.784799
11.978306 16.499227
15.776023 20.266665
16.987551 15.822272
13.007761 23.046354
12.435449 15.966653
20.645921 16.531046
17.703228 16.356124
15.711046 17.426193
16.566814 17.605596
11.084206 15.719509
14.824276 17.058899
14.904268 17.593720
19.292058 17.326929
15.839879 16.112773
13.036378 16.682414
14.379378 17.149427
15.328272 15.844912
7.061156 16.452064
14.099655 18.528210
18.077080 20.507083
17.620164 17.062829
14.799698 14.963278
14.225035 16.611271
20.147416 14.717770
14.682510 12.261967
10.084016 19.470309
8.003575 24.485552
16.316493 16.284874
17.659481 11.917812
16.709189 18.095982
14.806858 13.416416
14.990964 21.214968
15.622410 13.628649
14.029590 17.836946
16.521235 16.722173
16.311444 16.048789
13.107760 18.794640
14.253429 18.177630
16.080129 18.528888
14.252561 22.461943
13.525380 20.732590
12.101981 14.431004
16.722467 13.302222
18.400422 16.952210
15.207988 15.305934
16.427975 19.139350
12.783624 15.908066
15.958028 22.300781
15.133227 21.076652
16.035549 19.503888
20.966034 16.128138
18.000918 16.756849
19.184167 14.546204
13.740643 17.925357
15.836747 16.630737
15.448123 16.936207
10.510545 12.028226
12.927300 17.736049
16.239625 19.980767
18.273395 20.639908
14.536293 15.001290
12.532043 11.261570
13.776955 17.927314
12.465193 15.253251
15.445443 20.654486
10.427280 16.544293
10.814698 17.550644
13.653930 21.599191
15.424071 22.268523
18.678447 19.523584
15.856298 15.168681
14.094546 17.550029
15.071716 14.092653
19.951688 13.637654
14.440968 17.976480
18.845513 17.238906
16.554234 18.622629
14.948577 11.896345
6.888835 25.570130
14.378043 15.908722
14.616471 21.053464
12.050258 24.227235
13.637186 19.944215
16.641666 17.178694
16.926464 24.022927
17.707307 23.217256
21.715530 19.967583
16.972866 15.893588
14.278795 19.554850
13.580595 23.408817
13.475640 25.386219
10.830688 19.816903
18.254799 13.806529
16.642141 18.700390
14.895349 18.323815
15.980813 17.499628
14.183979 23.549213
11.589833 20.122852
13.745211 13.267499
13.213635 18.089400
13.070074 18.536835
16.643433 17.221539
12.202936 17.338677
13.058981 19.937102
10.586356 20.789392
15.226207 16.046157
16.479896 22.904230
16.482303 20.109414
13.195012 20.730877
11.530909 13.426948
15.677764 19.717166
16.907259 20.943473
14.703685 17.357921
11.664991 20.773703
15.321713 13.546957
13.014431 17.526598
15.058698 20.748721
13.537074 16.755847
13.851106 15.700845
16.429988 18.250996
16.001726 20.499210
19.671056 17.912882
14.630553 17.869766
15.893525 16.217634
16.158139 24.653281
17.839492 13.538110
13.863210 22.338908
15.863024 18.551622
14.743992 16.440568
17.744853 20.692998
11.378362 16.983733
11.879767 19.050031
15.764936 20.125288
14.760440 17.552492
16.589110 18.582794
17.926737 21.199695
17.876415 18.992063
12.296666 20.538847
6.049845 16.682303
12.656007 20.728532
16.710709 16.116457
16.934357 15.689952
14.478609 20.735604
13.112462 21.876408
12.971215 16.989658
13.174245 19.687909
19.012471 22.342952
13.048983 18.469438
12.317922 17.319527
10.878525 18.965400
8.129295 24.042289
11.957390 16.604444
10.060263 21.722118
17.113619 14.604169
17.228475 17.246810
17.519489 16.482488
18.373803 12.716901
14.952257 18.643306
12.136540 15.993042
14.829304 19.101549
15.885994 15.361483
19.004153 16.266438
17.444805 15.190677
17.281068 15.834092
13.457727 17.580075
14.819855 22.381979
13.481601 20.864129
13.134289 20.524972
19.406466 17.751086
13.395245 18.374404
14.777489 22.869472
12.023164 17.047222
20.128081 24.653210
13.918162 15.654411
10.513691 19.317311
14.740967 17.340681
16.634193 15.771686
17.763900 18.706153
16.935054 16.433092
9.437363 20.025257
20.242275 18.188712
14.757739 19.684690
18.072840 20.684244
15.300187 23.055135
17.977085 22.585995
12.678329 20.370399
17.199248 18.261966
10.932537 18.595625
16.235675 16.208979
11.651209 25.125376
13.170595 20.502127
14.398536 15.476980
16.972553 10.828818
16.978993 20.237376
14.893303 14.251697
12.975153 19.870351
14.479465 21.287979
15.064626 14.228838
17.205771 20.161624
9.311521 20.400537
14.853931 23.038325
10.713657 19.029576
12.423483 20.320006
13.567024 18.381446
11.130087 19.329090
14.984850 20.353733
13.744035 16.146211
18.739442 22.114279
21.552757 15.926785
17.916526 21.784711
16.917777 19.901578
11.808064 19.091699
12.468874 14.667729
19.857202 17.606134
13.867481 16.726893
16.156796 22.219520
9.279349 17.867457
14.924453 23.803635
15.912735 17.090386
17.298110 20.311647
13.602928 21.006546
14.174591 17.817462
12.833392 20.090094
14.394215 17.362931
9.609737 17.387992
18.148492 20.851926
13.772076 19.448740
9.670626 12.248990
14.126261 15.997252
14.782267 20.937283
10.921203 15.730093
16.114892 16.407230
15.764770 17.112986
11.976608 15.671271
8.662797 17.397668
16.557541 15.758318
18.570745 20.607326
16.616895 20.635970
11.586774 17.242875
18.651984 17.684747
21.840488 21.364835
11.658680 12.139834
18.402018 16.373728
19.807856 13.817665
16.363136 16.526553
13.953445 17.953332
11.493758 19.044673
15.521677 16.629527
11.897099 16.848709
12.558605 16.000355
10.403324 22.364947
7.731129 18.422081
14.098332 14.634476
13.063806 21.311257
14.066527 18.884849
8.579468 20.961542
18.584374 19.139124
14.226492 20.356823
19.968179 14.573962
18.761427 23.507309
17.978778 22.918488
19.553642 21.437220
21.034891 18.121290
15.578188 21.600599
17.320889 15.929375
11.567229 15.847114
15.250123 19.989197
15.100883 16.669340
15.370877 18.159153
12.062584 17.838285
19.360044 17.954702
11.216005 17.340698
15.048350 14.133666
10.869225 17.632736
14.045160 14.169628
16.206771 15.549789
14.139238 14.940249
15.346444 16.341556
17.850203 16.048178
12.310119 15.843614
15.028102 13.526034
16.512948 21.420050
9.257401 15.028837
17.771604 16.475624
10.418155 13.424184
14.338201 15.294369
9.158046 17.588111
14.357039 15.119523
13.163962 20.670769
9.555494 16.128281
20.377780 23.504254
14.155569 17.105282
18.006714 16.846465
12.168076 13.842202
16.140194 14.951044
11.962203 19.488824
17.803672 15.416674
13.548403 17.939856
16.218049 19.519733
11.377192 17.189185
14.492503 21.505504
13.832285 18.298668
12.075985 15.882675
17.523901 22.198826
17.254119 17.990272
14.326926 14.288217
18.031183 16.023561
14.646396 19.057237
23.065955 17.248142
16.071768 16.352835
16.010849 20.100487
9.680118 12.584895
15.687164 19.194361
15.865002 16.867398
14.383277 15.237525
17.131209 18.290854
14.597922 19.813189
13.556300 17.000738
17.004767 13.981246
17.649509 16.244347
13.099178 20.561133
14.630472 16.870999
14.267443 21.479879
11.989569 15.217280
13.222871 23.092960
16.208763 18.178162
17.223346 15.564388
12.382939 14.416235
12.461777 16.573290
16.646625 22.182531
15.016331 15.231541
13.014733 20.274073
16.697999 12.177258
13.039060 22.441827
16.986344 17.439081
12.748217 16.362381
14.976784 13.073330
19.827690 16.941084
15.513015 17.673063
10.342619 15.016608
19.705316 16.599659
15.517717 20.055742
13.127636 15.881609
14.416073 18.424176
15.694078 16.225399
15.225931 12.827496
19.212573 10.261993
15.184300 20.522282
16.535505 16.835251
19.591755 15.320187
14.763524 17.310953
20.139138 19.133071
13.717225 15.553701
19.140554 19.659920
16.030641 17.295305
14.018554 16.720082
13.514429 18.409563
13.890582 16.879882
16.580220 18.876915
16.832015 21.094711
13.680638 19.179966
16.965740 14.292969
17.054562 15.303552
16.904816 20.876490
15.797033 18.976289
18.507797 19.659212
16.008064 19.787867
14.786231 14.108012
13.487486 17.445549
11.440345 10.161228
37.466577 17.600771
35.173951 17.098636
35.629494 16.090911
34.814160 13.647727
36.102081 20.169017
40.627154 17.976584
35.202029 18.731076
37.129591 18.115497
32.339231 16.134719
37.084249 14.467879
37.926280 18.868015
35.066974 17.639077
38.108987 16.565395
32.414382 21.224935
33.679281 12.909643
35.535702 18.991803
33.759199 18.425897
39.044518 21.538001
39.681767 14.388432
36.133239 19.116694
40.582973 14.295511
36.247657 16.985357
31.480064 15.325777
38.847392 13.778542
40.692697 17.819193
32.066623 18.184110
39.084716 21.823257
39.004293 18.800248
35.530495 17.024313
33.342525 18.604331
32.025020 16.764662
39.543523 15.475199
37.338442 19.103484
40.476125 21.550053
36.050274 17.002883
35.671414 19.767222
36.353649 17.848778
40.292476 13.991660
35.199823 25.119365
37.884949 17.179488
35.277464 22.535303
35.573797 16.196439
34.391753 13.743503
37.695215 18.869975
35.742720 23.940144
33.306568 19.172053
36.076151 18.427764
42.060442 18.960781
32.027310 15.879889
41.958893 16.264139
37.539530 19.310077
36.149677 16.786559
40.106522 17.766754
34.548232 22.411457
32.842373 18.114574
39.538195 15.499044
28.238804 20.732269
34.785981 11.208697
38.379882 18.141080
32.964989 16.835053
38.756831 23.724381
32.749223 18.128742
36.491704 16.235395
38.945548 18.534448
29.295235 16.587091
36.282765 16.647344
36.381909 17.296961
41.049543 20.057991
37.539891 19.147334
32.675539 18.533882
38.503140 19.662856
36.274243 22.303891
37.767815 17.648360
34.010729 24.951047
36.109121 17.990658
35.519546 20.723958
30.214214 15.068547
36.191313 19.398961
32.415506 13.917945
31.439244 22.015679
37.280815 15.902681
34.291100 22.729729
38.104957 8.883320
35.650638 19.324316
38.778493 17.189143
36.742148 14.607759
40.336174 15.677419
43.554879 15.400195
36.099885 19.585193
32.040119 18.438153
37.078703 23.263388
32.836053 17.582795
41.900978 18.420014
35.919474 22.706455
35.636453 19.202649
36.258570 15.104778
37.943960 16.975948
32.851799 20.848319
35.216907 13.328354
36.296028 18.092127
38.772945 18.045690
34.309882 16.673258
38.181648 19.986546
39.927132 16.505259
37.743438 15.067872
37.775931 20.215601
36.304498 18.860293
38.084307 12.388581
33.782100 16.979195
35.545304 17.390943
41.208525 22.495735
37.292751 19.529354
35.937487 11.635154
38.993171 21.769871
36.033255 18.346324
40.052623 20.682055
32.580449 21.190900
36.686536 12.776658
37.377879 21.776102
39.938493 20.294231
37.613346 24.352766
35.847084 19.248732
30.762613 15.426289
33.744203 18.395649
35.653924 18.499831
31.539283 13.604407
36.914231 14.735447
35.490480 18.035009
37.782753 16.431122
37.165969 15.220487
32.134290 21.332370
37.435417 16.831024
40.540278 19.463980
35.524335 21.485396
36.734480 21.043075
40.025686 16.268058
39.752803 27.197980
36.736644 14.142771
32.387069 17.621405
36.891347 11.165894
31.337174 17.667719
30.968924 18.651301
35.673784 18.772247
39.548362 18.604441
35.437571 21.311366
34.096786 15.359811
38.777809 18.293743
39.658349 14.095989
32.609785 18.773213
39.173081 16.133877
36.206975 15.131049
32.307827 18.223461
35.842670 13.890579
34.109476 17.975234
35.953596 13.291094
37.470215 17.713285
34.586522 18.592681
41.179331 14.333157
34.162153 16.037813
28.012560 17.697400
36.113341 20.562962
38.893937 19.660033
37.262518 11.436275
32.825941 20.830285
37.449708 23.416205
30.298916 16.700723
35.379422 18.936151
38.953768 14.088545
37.735786 16.894104
40.643190 16.522922
35.120422 20.211382
35.268449 19.426200
31.641912 17.714227
37.758663 18.299615
35.889584 18.627998
33.574141 16.307035
36.371737 16.572682
36.192616 23.540437
36.123735 19.035627
35.666166 11.634703
30.109221 17.021007
32.903833 13.323643
36.091884 14.164903
32.704368 19.143185
38.484324 20.960056
32.996315 17.778874
35.677132 19.076595
35.835515 16.750930
34.504419 20.460913
35.801998 16.819901
34.999717 15.670718
36.605141 16.617225
35.710696 20.005969
38.347381 19.542918
37.484597 20.854784
36.418422 21.215506
33.698507 19.690290
36.581565 16.893957
37.417329 22.194828
36.294404 19.936555
40.561521 22.863379
37.620794 22.073277
31.704628 16.803268
44.895660 17.372656
34.996959 20.736063
36.629455 19.372507
30.828159 13.575709
36.168566 13.192682
39.125856 16.200754
36.501436 17.648335
36.676091 15.300221
32.054605 17.448036
30.666684 13.068823
36.015895 13.670681
34.475372 11.773088
29.992048 15.296963
39.621190 17.400210
42.467448 16.204062
36.738411 18.870309
40.590261 19.080055
36.172047 20.469040
30.051504 21.266305
35.652152 19.565647
34.013073 15.655561
29.432950 19.695158
39.257369 13.242114
35.958347 20.464188
38.554088 16.382963
36.553857 14.103283
36.585386 15.322756
35.973312 16.996921
32.247973 15.946750
33.616235 17.179846
40.563287 18.427913
36.386416 17.355784
40.874618 13.900545
37.241773 19.826683
37.477905 22.305003
37.027870 17.483268
41.898397 15.107587
35.445327 14.838929
34.749980 19.272389
38.795747 18.240250
34.826909 17.383726
34.670858 18.281541
34.908067 19.251019
39.524950 15.023539
35.071887 19.571331
34.608390 15.003954
37.638043 15.615632
40.634807 19.543479
37.179584 15.033538
34.346508 22.366027
37.128841 18.320673
30.422230 17.820368
38.425351 13.638729
34.234251 15.369971
35.206614 21.561532
39.410777 17.479483
33.352552 20.128988
38.481817 18.591143
30.549182 19.919740
32.184980 19.019957
36.086541 21.047716
34.841983 21.366257
39.689983 18.102010
36.646666 17.636203
28.128276 19.972089
36.292332 21.755665
36.670993 18.976894
36.994910 19.324718
38.017763 16.309874
38.196808 13.949614
33.915819 13.461303
31.005770 20.236718
36.268771 21.476845
33.207908 17.476872
39.512018 22.372689
37.752711 14.529297
36.595906 15.199050
39.972133 23.841019
36.981360 16.163530
41.393823 19.702809
36.095468 18.613839
33.353562 23.151705
35.783542 13.334331
33.661169 20.217737
34.036509 18.080273
39.427546 15.209076
40.525323 14.898964
37.015280 21.287760
37.087442 17.041790
34.793380 19.213558
42.314592 18.417583
36.848709 16.879887
40.601124 19.536094
34.352858 16.982995
33.072247 23.832728
41.978080 14.546119
36.175813 21.579297
35.694369 16.608222
37.657796 19.675895
40.921362 22.695794
31.059930 22.051065
36.320988 18.177681
37.361488 26.201195
42.663779 17.674165
36.863319 17.474721
34.844169 15.936938
34.944054 19.887671
36.128919 21.306415
37.367130 18.418590
33.515745 18.901614
30.891184 17.995760
40.567000 17.018510
35.437441 12.517382
39.783150 17.515090
33.438991 17.047431
35.679880 18.660807
39.822022 15.802453
38.219206 15.033099
39.186535 14.766823
34.141732 17.310585
33.577804 22.460040
38.463583 14.836681
35.474649 16.092441
37.316526 13.055046
36.922665 20.547592
36.190625 16.234475
39.470073 19.617772
38.700946 25.280465
37.024263 23.196438
35.497305 15.849661
36.562234 23.114313
37.995625 19.824243
37.621958 19.292650
38.716440 19.313169
38.441779 15.890111
29.938786 14.980936
36.924224 19.985500
37.471064 20.722813
38.621394 22.337759
35.931112 19.351573
31.084469 23.749703
35.889625 11.720460
37.064621 17.362583
42.372351 18.115463
33.683681 16.875983
40.296303 14.093986
38.128730 15.123480
34.346007 18.893714
34.367355 11.858036
38.401873 19.817168
36.181916 23.306976
34.420711 17.622216
32.898696 20.142721
37.430084 15.970519
30.476122 21.138418
37.251105 24.112277
38.208860 21.767599
34.694602 14.993305
34.974875 14.407694
34.885956 17.269556
35.808288 18.389137
37.223367 17.966147
37.345934 19.018182
34.425596 18.749014
38.591204 16.698408
42.032768 19.360083
31.124116 15.730819
35.644010 16.746584
42.373676 17.038878
33.122499 20.289131
37.091439 17.900703
34.157580 19.907265
38.382869 19.455840
38.371916 16.094934
38.507869 16.669100
33.722480 17.868550
37.193256 16.431027
36.100827 22.064912
37.863852 22.438940
37.960594 17.810663
33.210028 17.180350
35.057109 19.630341
40.748100 20.869801
33.426623 17.780789
35.121655 19.768731
36.158374 17.802030
39.160254 19.432766
41.466141 17.906041
37.294191 18.020059
35.899903 20.823026
33.623721 14.726063
32.464299 13.829586
37.502398 18.604310
40.751571 15.769453
33.379561 17.106095
35.001118 17.495794
38.006949 16.472419
34.569964 15.219682
39.197617 15.209712
30.749709 13.893644
36.346237 14.527239
33.408619 17.238319
29.632879 17.246030
36.119329 19.095428
36.414678 17.436832
35.929022 19.097442
36.390861 20.441445
38.503407 14.248753
35.108988 18.037335
36.624971 17.825227
32.664823 13.730211
36.492709 16.424283
37.435299 14.549242
35.522419 19.993216
38.115375 22.885609
32.404390 12.656631
37.565599 24.017289
33.662443 18.210470
33.654632 18.607583
36.728032 16.620989
35.273609 20.711834
36.823494 23.035810
34.648364 22.271198
36.059236 17.317978
36.923605 16.959457
41.076499 16.213955
35.975683 18.368482
30.685921 21.342981
31.991715 15.355384
40.984124 15.228127
35.297540 15.945580
36.321168 15.698392
40.440239 16.648866
37.659934 22.029958
40.541186 16.759303
34.987436 20.254479
36.398984 18.341360
36.977132 21.449408
39.905445 21.341142
32.787734 11.965136
38.274173 18.076016
35.073171 15.677920
38.709411 15.554044
37.309861 15.946250
33.152825 17.279856
35.785917 13.908478
33.839301 18.606875
36.049888 20.105899
38.539451 26.456826
37.125522 14.931388
42.839761 16.123689
36.831397 17.442010
37.033955 19.431484
36.471183 15.639243
36.981786 15.644090
32.329914 18.601636
32.162084 11.978733
32.520619 19.229561
38.578693 17.341130
29.945734 18.024559
31.106917 16.810824
30.602077 16.389928
38.969070 20.449826
41.795418 17.662384
41.797643 17.495823
33.629538 15.921215
36.746749 15.608065
39.318934 18.655897
30.458192 15.787618
27.559564 19.223618
37.418276 20.343398
37.203046 23.819776
38.001795 22.508732
34.473585 20.738237
32.491247 16.155054
37.455010 22.068408
36.952167 14.592807
35.997796 15.890833
33.769267 19.167160
34.067655 16.609421
37.544606 16.564549
37.621540 19.823748
36.886774 19.439147
33.554455 17.039993
34.633123 14.419033
33.578301 21.101461
32.315089 18.173409
37.988097 19.804195
33.156970 15.022095
32.488675 20.665614
36.031679 14.048144
39.414098 20.542605
36.259343 24.682738
33.448315 9.107427
34.160378 19.911941
34.177913 16.546857
39.354112 16.950976
29.768713 19.516279
39.695942 21.197746
37.714419 17.031790
30.253603 20.770452
36.704272 20.124437
35.960993 17.127247
34.829721 15.236040
39.333980 18.734790
33.976648 22.756477
36.637305 13.750293
35.544751 16.039655
37.893204 21.400222
38.090172 20.456956
38.387140 18.619871
35.148115 18.979997
36.017490 15.664835
39.383274 17.239382
38.028356 16.658206
41.177386 18.245545
37.511020 20.657553
36.939140 18.543975
35.752535 15.513694
37.519433 18.255011
39.495214 21.906350
36.183454 21.861417
33.787170 24.022798
32.219154 18.059573
37.170973 17.052433
37.482069 15.710789
26.351702 19.078508
35.754183 17.948273
37.916407 17.951609
35.806358 17.236579
33.788719 11.720074
39.210746 12.203805
39.980802 17.127401
36.442898 21.662939
43.293405 18.756014
35.109200 17.225861
38.635236 15.278145
33.941440 20.509003
32.574794 24.795665
30.797519 17.437017
33.396237 20.750657
37.806202 11.013929
42.005403 24.444996
35.775709 15.880158
36.155596 19.482556
35.555340 15.544839
31.992328 14.408930
34.326436 18.635134
37.692396 13.229403
38.963221 19.458100
33.436449 16.350585
31.628300 16.303181
36.690485 17.394184
33.537427 18.680786
36.417550 17.543574
34.587909 20.713514
37.978680 15.269980
33.973654 20.748271
38.956416 12.775590
39.669257 14.771898
34.636000 15.533494
34.675983 21.976121
39.036476 13.106193
38.400069 18.375920
41.564039 22.039558
35.492963 16.335907
36.424242 22.143139
32.463507 16.842635
35.690335 19.987186
35.394051 18.258499
32.224937 19.606550
36.622618 14.245529
32.746490 18.480944
36.070799 19.729154
39.052421 21.385129
33.921432 15.446599
36.265114 16.710150
31.501055 15.290682
40.862925 14.603992
35.113562 17.221822
38.801754 17.404054
36.429436 11.108897
41.097492 20.518930
35.711842 15.649117
38.286830 12.998520
32.959535 18.206904
36.235803 20.342766
38.468682 17.342848
36.438897 14.574130
40.846109 17.979827
32.856261 19.295105
37.989583 21.153638
38.455142 16.118267
32.379074 12.769349
36.558684 11.742909
38.746335 22.358825
31.236632 24.345836
31.030764 19.953079
37.329340 21.719653
33.826763 18.410573
34.361040 23.642882
34.417658 14.849567
31.880750 18.478487
33.924508 19.829587
31.332485 20.810794
36.628412 19.667378
38.785608 16.229879
41.852105 19.750836
40.019952 20.989782
34.360508 15.377121
35.159856 20.163601
43.379131 17.075020
36.365151 13.048361
36.945188 23.767252
33.450815 16.098421
39.228057 17.422548
40.945662 18.674817
33.080356 13.730866
42.326578 16.260534
39.046660 21.240093
38.233796 14.393622
37.919295 15.057239
37.765728 15.791720
37.725355 15.156541
33.418976 19.422141
32.594771 20.241594
36.810945 15.636138
35.756365 17.422611
31.164782 14.076208
37.615663 16.041179
32.678984 21.181512
38.314738 20.650069
33.685909 15.335470
32.266666 17.419028
42.422509 16.786790
37.827435 19.641076
36.503159 19.511882
35.555845 19.054066
35.989166 16.355646
37.893353 19.595547
31.911379 20.431769
36.729295 18.252028
36.425971 19.759203
29.013002 21.073226
41.467700 17.229481
32.321191 20.491690
34.844725 24.051040
35.747314 25.362107
31.387186 15.604508
41.241799 21.458776
32.364372 17.756573
31.601470 20.255063
33.575224 17.358765
34.462518 21.503654
37.771961 17.001082
34.987323 17.561778
28.801792 19.416894
33.290635 19.421944
36.276969 18.473068
29.324382 27.461281
38.118827 22.073981
37.837134 19.139416
33.821085 17.234824
34.962166 17.207858
38.063401 15.558408
32.667307 18.147926
40.851288 19.771561
34.285184 18.688542
35.777012 17.508145
37.856195 19.663098
38.851525 14.528256
36.772278 19.328138
41.152496 18.983589
39.418469 12.008438
36.529379 20.359239
36.940088 19.152273
40.432852 24.141591
34.961040 19.213189
35.682150 15.336565
37.647741 18.866467
31.229267 21.783809
36.405305 20.069013
33.980090 19.355665
32.156667 20.629286
41.998061 17.868008
38.078557 18.865817
32.174482 20.076662
35.504736 13.561549
34.418714 17.247353
36.005662 15.189883
36.550714 17.794010
35.872507 17.181699
34.101703 14.192308
41.930768 18.653361
36.228159 20.077691
38.874340 22.515059
31.978229 14.089915
39.320096 17.872641
37.424755 20.804902
37.286081 18.234404
37.581037 16.824478
33.997222 21.603194
34.262453 18.849249
33.593654 17.350108
33.606403 22.919852
33.541762 14.612253
36.392828 20.660039
39.537779 13.983267
37.258266 21.142664
40.273486 19.633845
35.649306 17.061960
37.129724 18.937336
33.679774 17.788704
31.845395 16.241944
33.966594 15.505432
36.731562 21.354588
37.401938 14.682246
38.020066 16.699203
34.685044 21.700492
40.944504 16.504314
39.423188 14.294738
29.401909 19.226099
35.562897 13.914807
40.609626 12.306078
32.475449 13.256567
37.114366 17.238379
31.264661 23.772665
40.179945 19.859735
36.020958 19.561014
37.397580 16.314734
37.325514 15.814375
40.385689 10.844130
38.169789 17.269238
36.971994 13.384302
31.990155 25.161423
31.058073 12.563076
35.877196 19.062849
34.573667 19.313908
32.646035 19.806401
35.963586 20.346128
33.352291 15.966934
36.766702 18.156147
32.571198 17.567144
37.400686 18.355949
36.156308 20.705313
37.516432 20.223418
37.393881 19.177111
36.999663 17.955966
33.824809 15.281540
36.721485 17.294185
37.392029 14.835560
35.570087 18.481190
40.859107 19.704797
32.601819 17.169068
40.186587 19.266694
41.233173 18.687583
35.433899 21.344455
36.485351 15.050533
37.883935 11.501503
32.258475 17.644439
34.527530 19.551519
36.517826 18.447507
34.490674 13.666498
37.526555 19.174712
34.965672 15.357425
33.460329 15.644616
40.298349 13.098524
33.291320 16.460995
37.716912 19.087933
38.017181 20.252308
38.049761 19.101305
38.094158 22.664333
39.396533 15.335785
35.084253 20.866112
38.409194 12.780366
35.201575 23.753063
36.581810 16.502344
33.510186 22.960041
33.721941 22.435604
31.999820 16.905727
37.969473 16.980818
43.989094 12.256489
37.744356 20.315719
38.651789 12.593572
34.478259 20.899809
32.975432 15.488552
37.312821 19.371238
37.046790 17.324390
37.813266 15.894134
30.491175 18.463439
38.058628 16.341139
43.265828 17.493082
36.049373 23.642608
40.677009 16.445897
35.761193 15.926658
40.259204 19.320931
31.944007 20.645239
34.432245 17.450164
33.698502 22.105311
36.320969 14.538875
34.166577 19.584036
34.765524 20.394881
35.448712 15.856169
36.099273 18.094808
37.325767 14.882912
28.553434 20.016336
32.176769 22.133716
33.645336 14.466336
37.229153 16.109578
31.926283 21.402858
34.708429 17.412396
33.338071 20.244646
41.867723 18.405067
42.384103 19.935514
40.970950 16.400690
32.055317 16.940301
39.218690 16.845593
35.437685 19.101463
36.386272 20.167005
31.509291 16.354088
34.467479 19.886707
40.939618 20.673982
35.635836 19.456431
32.105377 17.831570
35.737085 20.383642
36.189602 17.420449
36.756064 20.431994
39.025412 19.513672
38.090218 19.395417
39.912720 20.043508
39.483848 18.882863
35.392371 18.900020
36.506021 22.370547
35.595948 14.667364
38.725533 16.593681
33.191148 24.048804
32.664448 20.774108
31.283585 17.321384
34.524206 16.694877
40.559655 19.257587
36.069939 17.434132
37.787505 16.014257
33.445532 18.225000
34.859165 14.164814
39.692498 13.960438
38.056983 22.084071
33.644782 14.354873
36.781527 12.105321
39.788119 15.812966
33.282082 15.782427
34.059707 24.689329
31.857621 18.097601
35.145602 21.783791
35.692355 10.791119
34.303656 20.535253
37.625571 20.092215
38.195182 18.284204
32.043108 20.007603
35.218282 18.369150
41.967640 14.683420
34.296596 20.543954
37.864453 16.867984
41.262755 17.054284
37.457453 16.418811
33.306331 13.598628
36.038704 15.135969
34.342751 15.621167
39.589923 20.985962
33.873599 14.074267
41.349227 18.429897
34.769696 17.449329
35.903975 18.566482
36.554343 15.468526
32.320046 18.808250
34.599836 14.866784
41.922700 19.913235
30.487059 19.620824
41.485483 18.073270
38.163852 12.423948
37.192930 14.717007
36.616609 13.973837
32.951625 20.028283
31.698511 15.765738
40.651413 21.171063
34.431777 21.229803
33.982754 20.069624
41.717838 23.958856
39.803872 23.423235
36.765431 18.732846
36.507504 16.457379
34.809149 17.958192
34.927044 17.938514
36.535873 16.326755
40.351971 21.433613
40.408304 17.633366
30.021725 19.003296
36.292717 19.172421
37.581885 20.956340
39.925086 17.913925
36.072315 20.022904
34.978310 17.663698
38.575391 23.671254
34.641116 15.008672
36.092571 15.747123
30.518624 20.549973
32.467489 23.564733
39.009174 12.456525
34.678646 16.556018
38.602474 14.749500
31.903753 15.614715
37.514915 16.760329
36.566148 20.064099
35.829957 15.929387
38.766965 18.928120
33.251115 15.558936
38.693216 22.882863
36.661675 19.485490
36.591519 18.171410
33.632548 17.303115
35.403371 14.951923
36.431137 19.100069
38.985077 17.981307
35.714205 17.327760
36.813153 23.877497
37.204438 19.714544
39.758582 18.883944
36.631011 14.665721
42.284838 14.320697
40.770609 16.607940
35.272591 16.664711
38.587277 19.763158
36.288193 20.599088
38.513030 20.418008
42.146388 11.167756
35.835813 14.699831
32.645683 17.506294
36.952895 22.425956
44.420246 14.191010
37.964320 20.938539
36.183265 16.201158
40.141412 18.567597
34.920564 19.156704
30.949532 16.631923
37.372825 12.427231
36.349514 12.795409
34.550319 17.772217
39.829143 19.545476
42.552776 13.825955
37.470922 13.195048
39.148218 15.814349
38.093765 21.922160
34.147369 17.218562
31.566600 14.973869
38.078517 15.879702
37.454578 18.230607
39.543910 18.676337
34.232027 18.345066
38.758185 15.602455
38.596498 14.426048
32.200784 23.306395
38.227936 20.526246
34.110919 17.793583
37.146204 15.482281
36.006006 13.424472
36.937149 17.474542
32.208594 18.243223
37.372686 15.514028
38.394056 22.280094
36.246960 18.463559
34.830829 23.869965
30.265081 16.390595
33.363447 15.367393
37.080367 15.483066
37.903292 20.307330
30.643094 16.329676
33.450964 16.106250
36.188008 22.602575
38.877456 18.096849
34.549256 17.489979
38.070785 18.539086
36.610383 14.194215
27.811236 24.298851
38.244024 17.042788
32.866874 20.370068
36.114828 11.571957
41.717892 17.472025
38.698870 16.160349
33.717591 21.568524
32.929528 16.858848
34.026565 18.573220
35.707109 18.404897
41.006628 17.310042
35.615842 22.287496
29.401681 17.610606
28.804518 12.982195
38.162549 14.984788
32.200966 16.342066
