23.524837 51.961493
29.910370 50.658171
27.394865 50.879864
41.500108 50.298361
12.488156 49.064889
32.236653 50.040756
23.869361 48.125547
9.489826 50.296559
16.212857 49.751814
23.683080 51.983572
34.088408 51.703024
29.193272 49.606739
25.633088 50.879242
20.940935 48.536413
11.064635 48.000817
3.955693 48.355224
33.848051 50.427992
21.288225 51.157869
8.686219 47.208562
34.402270 49.077861
14.223807 50.021645
18.643161 50.686272
38.927487 50.465401
13.438317 50.267851
32.668283 50.817120
26.096361 51.368438
27.272716 49.758539
17.450571 49.848194
2.032440 49.569541
8.277549 48.833925
44.264042 49.580300
39.241605 50.280646
33.194443 51.782293
11.404541 50.365573
34.008884 50.978712
33.779245 51.977226
11.753180 50.984187
25.137564 48.490501
35.837445 50.261211
20.336912 49.092813
0.497343 48.880759
31.308175 50.910228
25.805188 47.372478
21.997952 50.464730
37.143397 48.491456
30.150566 48.577617
15.297097 48.970554
24.779533 50.731744
28.298482 49.655929
28.838333 49.904657
33.943766 50.096002
22.243224 50.122985
22.185051 50.870871
5.416597 49.528857
48.648418 47.869842
11.877254 50.998798
48.478264 49.095694
28.495203 50.024240
27.440056 50.074155
23.243560 50.296671
43.155023 48.735685
10.797990 48.538699
27.460713 49.694263
6.413377 50.602127
14.878584 49.857898
19.904355 51.049965
15.921603 50.152063
17.272689 48.126535
30.711387 52.111694
23.145352 50.725386
3.780097 49.862624
32.890604 50.297790
37.622673 46.694889
11.652429 49.964359
-0.143758 49.836874
22.777540 50.588252
32.151630 50.330083
10.884246 49.772570
18.010626 49.310646
7.813246 51.904493
30.046026 49.690454
35.493814 49.860634
20.852573 49.573054
20.822952 50.898364
10.936704 49.916076
28.969791 50.610254
22.077534 50.363143
10.075587 49.306924
24.946351 50.069570
27.482879 50.875877
27.433122 50.197067
33.991322 52.611921
-1.926695 52.227559
23.879943 49.096026
17.840509 51.655082
27.935466 49.921842
17.011319 50.689473
22.207987 49.826157
17.838758 47.232825
24.848635 49.261943
5.802383 49.630040
3.896610 50.445730
38.438823 50.318747
21.053498 49.922329
15.015589 49.242095
24.964395 51.269000
15.528284 48.551098
24.142722 48.683906
23.845547 48.992123
25.434292 50.478202
25.899861 51.400996
22.586615 50.699997
26.416736 49.931317
8.392657 48.909152
18.126648 49.374312
21.289292 49.820290
24.860140 49.950592
19.301700 49.836620
25.332237 51.099300
24.186314 50.562424
9.311739 49.723161
38.902001 51.006734
36.563902 49.064610
35.254808 48.004507
35.678364 49.799922
25.941599 51.311343
18.834657 49.578648
13.718419 51.988554
21.359161 49.700646
43.245583 48.816530
36.606017 49.410783
18.735883 50.327180
12.999424 48.813746
16.945662 49.470587
31.592499 48.909109
26.451999 49.767339
31.019569 50.552483
52.396696 49.809233
23.630303 50.930238
34.967405 48.948906
13.562664 50.365648
15.187500 47.674037
24.737721 49.616625
19.056525 50.058045
40.687398 49.840508
22.900839 50.081767
16.476488 51.388237
36.852276 49.672554
24.815532 50.746800
28.773237 47.677407
35.569850 50.495253
17.096102 50.342244
26.217031 51.222259
15.717066 50.061677
24.143099 50.562207
12.683274 47.947103
16.378430 50.152203
32.376390 51.061846
18.112330 50.887472
11.959626 51.435179
15.576723 49.393624
42.104406 49.630850
29.599760 48.683397
24.433290 50.437496
37.116798 49.736558
42.217662 50.007512
10.011227 50.944748
48.483713 50.945251
14.582382 51.105201
22.106193 51.427833
32.639516 49.644835
19.775508 48.924580
51.245476 50.232619
30.253503 51.276750
27.517281 51.579833
29.170428 51.925545
23.416032 52.370219
25.752686 49.628201
17.171262 50.800063
27.129193 49.889761
10.574036 50.121984
37.913021 49.499247
32.315206 49.734381
21.261768 50.674634
26.008529 50.430488
21.057205 51.330712
18.866397 50.238780
29.277890 50.496879
21.703134 49.221721
39.781885 47.880270
18.483716 50.630034
21.391497 51.136010
25.901282 50.681392
22.657778 49.466121
24.898340 50.314555
23.154534 48.504977
30.123070 49.811783
11.728193 51.593839
23.212551 49.599210
31.971980 51.314239
32.938299 49.070797
28.571599 50.913700
26.280959 51.940536
16.877016 50.165472
34.010421 49.199130
-0.237896 49.705172
0.904929 50.283859
21.203591 47.695974
22.253613 52.619045
21.752770 48.384704
17.169068 50.801339
16.207584 50.988052
23.700420 49.237864
19.868485 51.327875
22.591416 50.068167
29.331343 49.338873
44.186096 50.687941
28.084038 49.879486
28.320525 50.074999
10.524806 49.183843
35.983148 49.696833
31.190192 49.765667
41.127532 49.386998
9.992891 47.070649
19.779743 50.179038
29.721544 49.957373
40.983305 49.617420
19.855230 49.629749
20.506773 51.178041
20.937538 52.369232
23.798444 49.799333
28.152883 50.907426
23.439327 48.762150
37.976120 49.433294
21.025903 51.114201
15.053512 51.243559
19.608323 47.001255
15.188520 50.096075
31.630386 48.431795
25.645635 50.148349
33.512567 49.592011
23.985215 49.257391
19.772141 50.377083
28.625026 50.997117
32.412118 48.154073
12.308313 49.297618
25.934344 48.963815
26.848015 50.318503
19.442743 50.604414
2.925202 49.955411
38.617892 50.553658
23.443218 50.837596
18.073771 48.672786
19.528204 49.652392
21.608858 48.336246
23.443706 48.919683
38.074346 50.240023
14.179714 51.921026
21.067973 49.171192
30.828556 48.409003
30.407945 51.220491
28.926060 50.052300
22.662037 48.842277
18.631967 50.071186
26.379418 51.382618
35.023385 48.924558
3.420722 50.158144
28.701291 50.928956
36.508171 49.875462
21.905461 49.053095
12.366180 51.357558
28.812814 51.416797
54.875383 50.715157
34.108703 52.132856
27.988836 48.845853
34.157716 50.849835
18.548231 50.700786
22.514333 51.577712
30.764508 49.913201
27.872311 49.259127
27.256523 50.817100
13.992385 50.940187
16.421473 50.125555
27.566242 50.292639
23.703188 49.709208
26.370411 50.158515
22.323607 49.293624
23.944732 49.644056
31.984080 49.967956
20.714563 50.901594
19.905242 49.503726
22.432640 50.167351
8.991396 51.532337
32.616939 49.909844
37.259019 49.584735
4.922090 51.653838
19.273277 50.271134
34.016775 50.932568
12.187969 50.620427
23.399932 49.765223
39.036134 51.451657
33.579261 51.878893
17.239861 50.445557
16.721909 49.656026
37.304709 50.547517
25.529956 48.996625
36.720587 47.979316
33.504575 49.104891
14.517836 50.034122
14.031065 48.945392
38.203488 49.058545
21.055131 51.275547
35.726655 50.764740
20.339679 49.764697
14.313123 49.093336
23.012699 48.768307
29.606014 50.110381
37.300556 51.833675
29.938913 49.454751
18.220246 50.772057
23.151533 50.722000
33.682754 50.246161
41.932293 48.837067
27.314331 49.148385
28.462216 51.256941
27.862960 49.388916
2.804232 48.831737
9.770923 49.454153
12.447304 52.228843
33.133413 51.359203
34.924841 50.867723
20.290149 52.006641
53.351656 48.674386
32.451752 48.364321
17.138986 50.343499
23.521483 50.818029
54.307328 50.191778
27.658124 50.049160
16.278581 49.740659
31.260650 51.037130
29.060910 51.986785
23.798963 49.543231
29.117547 50.094779
11.980096 50.800792
21.750831 49.587598
21.468807 49.599765
15.997180 50.384856
19.442420 50.514399
5.945991 49.788920
5.014653 49.348729
10.083473 51.028125
34.753363 51.360047
15.720555 49.868488
26.109832 48.886919
40.117076 48.602382
33.170917 51.331019
13.849034 49.341852
41.556473 51.367744
39.927643 49.630766
21.366327 50.761903
23.978288 50.676137
19.026319 49.206368
15.792164 47.901136
15.238912 50.070781
24.229525 50.149772
21.776780 49.637778
19.417143 48.387433
16.501863 50.696747
27.918623 48.813720
43.645310 49.575307
19.365937 49.935250
5.078984 51.118025
15.285412 52.515552
19.992556 52.155018
25.070771 50.395545
37.358991 49.980890
14.356371 49.231843
19.975827 51.837708
33.178615 51.306900
27.601454 50.117832
19.848394 49.778150
28.370588 50.293863
36.029974 48.275814
11.437685 50.384081
32.505275 49.194290
28.664551 49.874803
25.452220 50.152227
39.745054 50.936280
29.229944 49.726722
10.718778 50.396504
24.061641 52.443717
27.990914 50.045151
23.945315 50.457654
29.281446 48.572083
28.368360 51.360609
31.981674 49.705605
36.518539 48.661795
32.008657 49.392415
41.919352 48.992350
17.318583 48.564083
30.124772 47.951815
36.631684 52.329933
22.605986 49.778579
25.517694 49.347305
27.262826 50.402474
43.992857 50.128633
44.603602 50.905512
37.528461 48.960507
15.517425 50.029824
33.218685 49.334881
6.746578 48.401951
32.851923 48.812104
23.699953 49.478657
43.528735 47.811029
38.121974 50.346279
27.818159 49.895658
14.844096 49.825671
18.710204 51.078567
28.398034 48.759538
36.593847 50.140107
9.645618 48.208631
20.257507 50.975950
16.628256 49.841781
22.294205 49.731366
4.416132 49.335757
34.435672 49.636050
23.618223 50.682710
21.542034 49.644038
14.571959 49.370645
22.861081 49.328965
50.298140 49.186070
20.301852 49.622286
12.997259 50.660084
29.551004 49.084724
17.930135 50.437369
31.331248 49.013073
22.699879 50.408766
19.249971 50.799193
27.071632 51.721642
12.574518 50.481703
19.037073 49.613620
27.508701 48.451414
26.536014 48.829061
22.943532 49.287150
19.397835 49.726674
22.879764 49.978882
3.711550 49.830793
30.496474 49.068455
24.110747 50.262010
21.443529 50.191239
36.824219 50.300012
31.772793 49.952365
16.093802 50.069746
26.621623 50.100271
30.069862 50.128467
16.974285 50.000671
27.200608 49.191690
32.767314 49.365701
-0.599543 50.051198
13.821301 49.739287
20.715393 50.169667
35.775049 48.960526
17.124215 49.441456
26.529981 49.420501
33.479844 50.708455
36.277268 51.750846
22.679506 49.397214
35.960402 50.690857
10.805066 50.772883
47.273767 51.397541
20.650323 50.116216
31.809639 50.599483
29.476644 50.248294
12.233092 51.319282
32.004827 49.468888
14.303692 49.868051
33.471185 50.132131
14.500907 48.628628
14.932365 48.691394
31.137348 50.850330
25.035478 50.512496
26.192435 50.565199
29.042321 49.822308
19.574087 50.948468
35.140289 49.891029
31.129976 51.372685
32.198989 49.632196
28.121396 51.379569
28.198594 49.701968
24.275050 51.028222
40.083658 49.217920
36.139565 49.009641
21.847372 49.316664
17.708256 49.196395
24.916789 50.621507
36.824746 49.974595
24.294218 51.657448
21.682555 50.563104
21.033021 49.866339
32.459221 48.921614
30.826091 49.551815
30.553143 48.621317
14.115563 47.808350
15.604941 48.986157
37.522365 49.677060
35.357776 50.589356
12.583603 49.808974
28.536989 50.143846
15.020573 49.699761
21.665005 50.044275
26.776203 51.461121
33.823073 49.585644
22.715448 47.747396
26.507447 49.931405
35.122234 51.034573
36.537180 51.413888
14.119036 48.314336
29.719324 49.727660
31.939772 50.374822
25.657491 50.558184
35.862218 51.286374
35.709394 49.325303
48.792942 48.311419
11.387272 49.928305
36.577134 48.164129
31.189480 50.003387
25.719282 48.375079
34.254519 50.297687
41.235927 49.547726
23.566435 49.086005
23.246812 48.600023
25.392017 49.251525
27.640054 49.268174
25.231560 50.583459
26.469749 48.438518
17.473517 49.120898
30.200274 49.055510
36.934909 49.838802
27.241450 50.159714
37.365852 51.126478
28.347446 48.957069
40.656003 49.774990
24.266217 48.756619
41.878895 51.695825
14.500002 51.187207
25.601964 48.686574
38.695128 50.402955
24.655575 49.132596
30.958077 50.532827
22.700615 50.604021
19.658078 49.677004
32.746798 47.957309
26.164214 47.732003
17.725144 48.465042
37.130832 52.033249
24.354127 49.770172
44.963292 49.296983
9.592955 50.818068
22.629418 50.334879
30.348675 49.760501
31.625616 49.650829
21.327247 48.521200
32.168074 50.800772
2.706781 49.458209
20.789944 49.890206
18.505137 50.695796
38.222497 50.769956
30.338397 49.472468
3.536356 49.473087
36.901595 49.838388
22.173064 50.171053
12.548860 50.743291
31.618801 50.569953
40.962988 48.531936
24.382739 50.109447
42.847293 50.283972
21.253962 50.574406
8.319369 50.804051
33.727121 49.466959
31.360012 50.641122
29.369822 49.650428
18.328579 48.667203
25.542198 48.510896
30.617430 49.128250
38.680044 50.995557
12.384858 51.098701
47.664722 49.633024
1.953425 50.198520
21.129592 50.239110
20.086696 50.621155
17.344533 49.317945
24.494076 49.427179
10.870232 49.640668
14.084696 51.201457
20.314969 49.511391
16.868202 49.967288
17.364254 49.802341
44.251705 50.373243
17.115352 51.846956
6.452655 49.766537
42.182254 49.835941
22.752812 50.116411
12.460288 50.446422
38.619076 49.126044
18.748422 48.817811
12.733473 50.288662
16.465075 51.813574
34.160323 49.879901
34.081049 50.231042
18.733412 49.956941
21.866495 50.463456
28.499638 50.939728
10.233326 50.234751
9.614002 49.728717
11.761610 50.786766
38.925115 50.109925
15.605067 49.944102
18.299016 50.297623
15.787943 50.234223
15.064094 49.676453
43.167254 51.328074
14.040407 51.329363
29.799833 51.733263
26.878756 50.498941
22.056188 50.300070
25.007818 48.618012
11.884063 50.671532
-5.542086 50.561235
7.180655 48.235225
40.225355 49.954608
23.299604 49.739848
35.796961 49.530112
17.287296 49.697983
16.253389 48.979146
33.812448 50.314131
13.089217 49.183544
30.415147 49.825073
44.061679 49.601961
26.987912 50.884547
17.274459 50.692977
16.400362 50.485372
8.980105 50.434939
27.027985 49.406271
41.470129 49.936022
27.245772 48.502597
18.771452 50.804697
33.957092 51.341176
27.966318 50.609167
35.664807 50.561263
31.067796 50.066185
27.960350 49.368744
19.313954 49.445187
41.937128 50.359651
14.676322 50.091270
20.948017 49.754567
-1.354861 51.236920
30.870817 49.809341
19.014102 50.206744
34.702966 48.737149
12.465317 50.307388
29.741344 49.805414
21.163906 49.765180
21.146773 49.374999
14.727806 48.821744
22.899060 51.196985
17.919571 48.212487
12.120817 50.054114
29.926920 48.767311
11.235002 49.272561
28.572611 52.396988
29.392277 50.725343
23.672024 48.893153
12.554083 51.047266
24.326498 49.896560
40.451310 51.018634
31.719271 49.073021
41.561886 51.183477
19.163925 49.122614
14.799062 51.927093
34.573352 49.294209
33.096876 49.970509
32.330956 48.567189
36.454657 49.980987
16.100311 49.818947
7.851492 49.573675
15.439712 50.296971
38.577604 49.109974
18.857282 50.045938
23.104780 50.057429
45.698182 49.709764
18.088855 50.992580
8.422820 50.706474
20.452873 51.858663
18.917224 50.987722
8.937417 50.334262
43.232206 49.918863
46.130160 50.118931
34.284589 48.780950
31.218404 48.749565
37.042025 49.145047
10.438675 52.484375
31.223894 48.492853
26.958344 49.950667
20.385014 49.613705
34.757345 48.836018
32.814678 50.766808
32.185851 49.705451
21.303906 50.245513
27.088416 50.517108
18.970290 51.262682
25.640070 49.754743
27.493927 49.912466
22.013262 49.478055
22.031533 51.249695
29.712876 49.656407
40.506860 48.984892
11.455989 50.660111
11.294568 52.277901
-2.593674 50.632917
12.249225 49.909239
33.106338 48.992186
21.663115 52.540210
30.949933 49.240568
35.804759 50.094025
8.720254 48.833175
17.445230 51.238483
24.468067 49.244460
27.176696 48.330727
25.133558 51.010717
39.632107 49.189944
29.703817 48.904200
33.230460 50.641309
15.137488 50.633475
23.487815 49.877980
36.460667 49.264960
16.302006 48.418020
13.024222 50.424004
28.617945 49.378973
-4.205771 49.863978
39.750805 50.530234
20.808503 48.113471
22.846074 48.507802
22.689360 49.323074
13.782813 52.462723
15.485654 51.958385
30.792275 50.662498
29.078251 49.018098
33.367230 50.601306
13.453131 50.531539
10.821000 51.758723
14.538223 50.236109
27.072505 50.584220
25.116950 49.627852
26.477997 50.283736
16.617749 48.758277
19.611696 49.597567
18.679620 50.071797
13.620544 49.992197
20.251130 49.051548
27.767240 48.474339
24.874009 49.143644
36.181786 51.433596
12.585193 51.415483
10.621663 51.376316
13.611537 49.520718
24.268928 50.654718
16.334167 49.339415
30.314960 51.137348
14.854180 50.886074
37.476055 51.121851
5.867440 48.310778
29.973844 49.064656
10.164036 49.586703
5.945859 49.559148
33.828202 49.529071
15.146834 49.508263
33.694966 50.047046
25.473746 50.045890
23.700477 48.491517
30.594717 51.070566
40.593149 50.848087
37.451099 49.054210
16.217217 49.448913
37.230933 51.559051
36.326601 49.677143
11.779850 49.687760
12.622234 50.296732
29.595557 49.791032
28.881530 50.830865
41.378861 49.694165
17.492827 51.353519
24.308283 49.434081
17.867227 50.276613
14.894549 48.899729
26.723869 50.232072
46.093989 49.496381
25.832885 49.758392
34.132298 50.980453
35.707481 48.752122
36.599370 50.540606
33.475708 50.365494
33.013312 49.853681
14.527074 50.663983
13.167224 50.619507
16.209358 48.050185
20.043975 51.020246
14.090684 49.188857
22.948775 48.990874
39.562693 49.033036
20.778325 49.658305
22.349941 50.925512
25.495549 50.027551
26.527080 49.594993
24.195034 48.595018
32.965104 49.596662
29.013502 49.425779
37.793488 50.139893
12.922567 50.152088
21.740411 49.260549
28.903773 51.720088
26.716311 49.368371
10.711400 50.054116
40.048598 49.778911
-0.599302 49.618802
18.832974 49.637836
15.476533 49.919790
1.493291 49.790355
15.438335 48.548383
44.161487 50.994800
24.921058 50.559308
13.599236 51.226219
10.842021 48.303460
25.643792 49.681525
29.870716 48.509432
15.536668 47.858664
25.953001 49.731730
21.419726 50.662672
19.482151 51.148463
28.812575 52.787233
2.961800 51.019805
23.706182 49.352318
22.416546 51.172255
14.888363 50.173280
29.948419 49.971587
38.242964 51.281120
40.676691 49.594565
22.305197 48.482714
33.544591 50.356091
35.314687 48.424650
28.677911 49.799216
25.566367 51.069223
39.161481 51.025411
34.888478 50.715099
9.759084 48.763585
12.737167 48.339698
16.034185 49.980276
31.494418 49.848504
25.078743 50.107603
33.605524 49.197289
35.380066 50.163766
18.871364 48.885739
21.259423 50.615360
12.210059 50.651388
33.031255 49.570253
19.600248 48.715774
32.608033 49.679444
32.600486 51.532798
31.647900 49.736929
40.955238 49.190521
40.606023 48.754774
29.481032 50.399936
28.522211 48.550116
53.426640 50.984325
14.020163 51.756282
25.395181 48.840985
31.364683 49.162420
21.737172 48.126970
34.778027 51.634137
23.716776 48.728207
24.963796 51.186640
14.324519 49.153934
19.388609 49.148252
32.056317 49.029996
27.431965 50.480618
16.465570 49.540180
28.735226 49.939149
43.094954 50.518364
22.513753 51.520044
11.568234 49.884039
9.220272 50.017655
33.348360 50.666299
11.478107 49.786944
24.593263 49.019178
22.208789 49.912329
23.882219 48.821781
38.340187 48.544591
15.586591 50.749101
14.150215 49.218279
31.852423 48.548062
11.743597 51.166051
18.163577 50.945729
45.437662 51.654783
36.773801 50.156845
45.335500 49.650937
23.237354 49.931927
15.394081 49.509320
32.215542 49.673897
25.534887 51.261456
-3.104231 50.167776
26.824630 49.374329
22.460174 48.912468
12.191800 49.951193
26.018841 50.080941
22.767616 50.901920
10.395306 50.172871
14.915942 51.001952
15.962658 49.263079
22.262906 49.068163
34.146883 51.104476
36.508951 48.693678
21.947776 50.250106
5.157672 50.270811
25.700495 49.864609
19.941571 49.243732
35.229573 47.945837
14.691717 50.459124
24.713337 46.252767
40.256276 49.926775
26.319847 49.522627
2.138637 49.281907
15.042095 50.718385
15.378558 49.147156
27.790119 50.007001
37.275804 51.936630
24.651380 49.765144
25.333581 49.861475
24.079031 50.880538
12.484819 51.886334
14.303778 50.210493
50.870422 50.886709
27.371141 51.114433
58.156133 50.397205
18.285498 49.009582
25.823812 50.019854
29.803813 51.379941
9.364725 50.045870
19.226266 51.008942
15.607382 50.261272
14.163623 49.923580
0.713549 50.353211
19.699698 49.379002
15.407545 51.422270
20.007345 51.358987
26.143567 48.703314
33.396609 50.515822
26.144200 50.230525
23.356344 49.858985
24.400159 51.139464
30.289060 49.188572
10.341043 51.194201
19.543282 48.784638
16.736231 47.667488
9.598247 50.165366
15.239880 48.614499
28.066457 49.226951
13.966013 49.503595
30.424431 49.579593
23.931967 49.205760
24.516331 49.753465
20.905175 51.416355
14.289093 50.527328
9.047685 49.858154
31.745244 50.073981
24.136329 49.333163
25.103349 49.738069
39.791724 50.333205
24.459704 49.470950
25.649865 50.932826
11.126310 50.652306
25.487093 47.600255
51.841042 50.099927
16.926330 49.722766
28.132282 49.739997
24.831107 49.140502
13.588766 50.044090
20.717616 51.169632
43.514658 49.798864
41.206769 49.626379
6.367711 50.015397
15.340628 49.621438
13.953280 50.266072
42.247661 50.968200
37.161021 48.979704
36.255696 49.489425
41.026800 50.300911
36.799959 49.872659
16.310488 49.629206
24.587459 50.731343
30.283366 50.987447
19.912965 50.657367
26.553174 33.627860
34.046599 37.070394
17.385208 33.412143
24.466926 31.970024
23.031930 35.220812
30.960255 39.012468
38.577372 35.648042
23.576813 38.271068
34.783489 34.311260
26.771353 39.357263
13.077774 37.264852
35.747274 35.981330
27.206136 37.955804
34.397573 35.380085
16.836644 30.316210
12.188664 33.631658
35.862852 30.295835
26.133556 38.608281
30.927463 33.186780
36.231206 37.850573
16.792789 36.562467
15.255172 33.984171
38.850043 30.323470
30.741708 31.301610
24.954621 39.025714
28.550779 38.055201
30.578065 30.704388
12.995010 33.633136
11.093574 35.338949
27.137041 32.105324
32.747786 37.410580
13.132576 31.827101
39.409350 34.914380
25.149358 39.356817
23.740311 33.505499
14.823478 35.953683
24.657427 36.205971
36.566142 34.960110
33.794669 40.515220
28.120923 32.732472
22.127165 39.833376
23.682905 31.429419
16.400925 35.611167
11.534368 32.975702
19.986441 38.853315
24.206391 41.074201
24.263682 37.006065
20.346668 33.118265
21.208972 36.345825
30.141160 32.998767
17.888033 36.860787
34.402174 39.821959
28.810224 31.918463
18.129341 33.604530
33.195918 33.033141
30.350961 32.160477
21.429660 35.352735
33.716461 35.545564
25.314572 35.755581
31.362176 33.022761
33.070887 36.465013
19.513263 34.181355
10.871411 32.516725
18.116221 36.344355
29.990604 39.965291
20.494954 34.781732
19.445729 36.545135
26.838299 38.585032
25.380836 33.679241
28.623360 40.104207
20.454891 32.362338
25.257435 36.829381
30.997769 39.842739
26.775933 36.781595
43.889422 34.686789
25.354499 30.160869
30.066618 36.869563
25.964773 36.470753
24.587001 36.755064
42.688330 34.642902
30.186318 41.116217
25.296148 39.198757
36.709674 35.304759
24.691107 35.221649
31.733550 35.294998
26.433344 40.249720
18.346016 40.771598
25.889907 33.866301
20.649073 34.962032
40.462318 34.978539
22.940275 36.651305
33.373118 37.642825
25.824598 36.779430
13.190849 32.254710
22.776510 37.251467
26.618303 36.451462
17.755877 34.125830
41.370841 36.855135
27.513280 30.976936
18.171086 36.991152
27.309095 36.853289
7.528808 33.856109
29.536685 34.925346
23.983355 33.356746
23.059140 34.211318
27.098201 39.097758
41.695665 36.799713
33.789777 33.040219
38.146601 34.859710
37.940733 37.835056
26.879659 39.086230
24.224744 37.222662
33.858726 34.920325
20.799547 31.323329
27.489696 36.645104
28.837711 37.021487
23.176086 38.034569
21.174316 36.718016
14.581093 39.995046
21.713027 34.535101
20.287888 40.579172
34.798722 31.700632
12.205258 36.397601
18.426022 33.494344
25.155905 28.574645
26.077938 39.278741
17.230061 32.991112
36.781576 32.075911
19.682117 36.595904
36.302178 28.996702
19.035178 36.277307
16.897118 33.652562
34.745485 32.343533
17.159994 27.371987
20.593462 38.488944
18.379934 35.699477
12.509154 36.740268
8.785125 35.753241
34.055501 36.636515
29.280447 38.410292
25.286362 35.573481
23.957699 31.073252
29.188700 32.445448
16.833258 37.786857
26.641804 34.818462
26.468979 32.660600
32.591882 35.856878
13.752780 30.971133
27.284737 38.698609
21.914199 32.787797
20.751015 32.440161
8.032157 33.144888
26.091823 36.401015
19.864205 32.310621
17.558282 29.738124
15.768684 38.009154
14.249280 36.320551
21.704362 34.084738
18.870810 37.800317
27.198303 37.746225
2.680405 35.966808
10.730975 34.773819
16.505589 34.050464
29.130642 38.113620
20.535265 33.805937
32.418372 34.738857
21.189702 33.829747
39.133339 34.312399
23.468525 34.808807
20.554300 34.104680
21.883202 37.894306
22.739345 40.213117
14.647994 33.337083
8.061847 34.397137
27.472660 29.975162
35.446673 34.711633
25.021850 36.237739
14.871386 31.721150
17.014934 33.332190
17.237695 35.377030
23.197381 37.455786
29.030578 29.905625
19.104666 34.026802
23.299618 30.471163
19.869697 39.081336
27.446054 37.119125
26.345794 33.136744
13.823372 38.964628
30.028200 35.098715
13.728335 37.194386
13.030952 37.801540
28.691620 38.624921
18.816390 35.710681
30.034864 35.522389
20.819648 36.366341
7.451133 33.438998
21.060477 37.144281
30.882790 35.707425
31.728005 33.356897
26.071868 32.776407
17.444442 38.335664
18.701585 30.293025
4.927102 29.586623
48.804533 34.369288
31.772252 31.845089
32.593485 34.754044
30.009615 34.602225
28.336898 32.764031
16.855574 36.010153
8.306020 31.502117
33.862220 34.904564
18.921483 36.204052
27.631774 31.531820
24.877354 38.317137
21.989433 35.550283
25.826273 37.803826
38.918004 33.540466
21.530019 39.719235
25.753338 38.009501
39.168373 35.065938
32.563946 36.958268
44.207968 34.712976
6.018186 33.226291
20.901482 33.972238
38.223423 30.698444
20.850394 36.961652
29.240790 36.054815
23.460538 34.740905
24.829525 33.760427
28.923348 35.266219
28.874740 34.610074
23.321096 36.946869
26.062753 36.712120
25.875470 37.819361
37.178466 34.015201
27.663567 40.556865
14.126558 32.858985
7.602572 32.504026
34.402206 34.993421
24.386877 31.607882
25.700649 35.219553
18.576525 32.634121
24.045418 36.989449
24.075939 37.515519
33.294209 34.953134
30.490129 38.044984
28.349093 31.718945
30.717322 35.096805
32.466124 33.533208
7.969265 36.356562
12.217011 19.465028
14.920718 20.379646
11.199970 21.283711
12.692657 16.279208
13.621860 16.823082
16.661047 22.443292
11.581406 15.991809
9.588590 18.845320
12.324634 20.511408
9.422632 17.824048
12.473197 17.019313
19.937525 20.851765
3.019595 18.568802
11.923114 18.333816
12.137775 18.168645
11.005641 16.332698
12.094713 15.158839
10.563115 19.452354
11.246479 19.141840
8.237173 18.771304
13.371174 18.548592
7.807165 15.643817
4.564468 19.244587
10.716286 17.198791
10.068650 17.246886
7.281041 16.006237
19.944438 16.087778
12.093534 14.823089
4.752222 15.290927
5.195839 18.118034
10.905642 18.553888
12.337761 17.323960
7.930087 17.712664
9.112551 15.698991
11.099521 16.685204
14.411449 17.257061
7.517505 20.436114
9.786414 17.865848
15.136317 14.217001
15.597777 18.033203
12.141243 16.956785
11.740433 16.240050
20.132595 17.593448
6.233716 17.831255
6.385060 19.461708
13.623585 17.331729
18.229113 18.049909
2.710178 15.603633
13.187188 18.831495
11.460477 17.455865
16.003963 17.335653
11.630334 17.204329
13.874313 15.485909
9.952993 16.472228
7.109437 19.653651
8.564866 17.354894
17.824655 16.661537
11.973305 17.213776
13.487950 17.343433
18.242675 21.693884
18.459191 21.619242
16.761647 16.901167
13.360130 16.495103
11.769776 12.660772
6.738664 16.834935
15.903470 20.013464
8.265887 17.598837
19.563687 15.219263
19.584650 16.362705
8.437618 21.202097
16.913424 15.831520
14.465354 17.955504
5.566417 17.601689
16.337684 20.097460
11.893241 17.362034
9.918464 17.077190
5.654557 18.196774
7.020537 16.354721
21.661996 19.081616
12.149473 19.995692
16.200385 16.223954
12.684913 20.548579
13.478555 18.645712
16.536043 16.025913
10.338783 15.837055
22.986365 15.633855
17.914720 18.098557
11.366540 18.365552
7.508458 18.205948
10.774614 18.325339
12.985474 18.277731
5.381101 15.730136
12.302976 19.248519
16.507869 17.570578
8.069888 20.348653
4.039489 19.760347
11.588911 21.102511
12.811309 22.020431
10.130024 16.780540
13.198466 15.390523
12.530700 22.317113
7.959772 19.245302
17.462032 12.604537
6.420310 19.067767
11.716742 17.308572
15.115334 18.521808
18.487669 17.874014
7.806196 21.891309
13.635280 14.923611
19.787603 19.885409
10.153089 18.784317
6.761392 17.560631
6.052030 17.659591
9.810718 16.508865
7.710356 15.430926
12.520122 17.569227
12.582423 16.678737
16.933069 17.453471
11.167787 17.745125
11.355098 17.946730
20.300722 15.892554
17.141744 17.781803
12.717013 18.701211
12.411117 17.800163
13.208189 17.235705
12.473833 21.038911
9.160331 22.542584
13.344129 20.486312
19.324940 17.652638
16.319948 21.938302
9.337574 16.546849
10.444398 18.320972
8.832791 19.488354
14.701736 18.387691
7.864107 16.446609
5.683635 18.816070
14.579229 18.387723
13.234617 19.349287
11.735500 18.087689
13.862969 19.788876
12.364179 18.375652
10.834082 16.930119
3.081738 20.121975
9.875774 18.623800
5.338335 19.397971
6.028227 18.386355
11.625334 16.636646
8.644928 18.110332
9.627441 20.571598
3.622572 13.332937
10.128065 16.339180
8.309687 16.427058
11.344652 21.914893
14.176009 15.897211
16.917684 20.239568
5.605085 15.034138
8.131080 17.724592
15.531625 16.716029
6.529097 17.341891
9.382748 18.554314
12.581452 18.078915
12.783707 13.934720
9.668080 21.463453
17.080869 22.646271
14.067910 18.716534
7.050963 17.232010
12.490042 16.474809
13.652112 20.004813
10.581129 19.342103
9.753635 19.949184
5.508021 17.247450
19.031829 15.445249
13.754160 18.424237
7.523261 19.933717
11.699277 17.795614
4.716614 14.621034
9.455930 16.256702
5.931119 21.507572
7.661403 23.107564
13.357493 16.287584
17.445157 20.537211
16.772521 16.523541
16.759489 15.447555
17.450028 15.589352
15.807472 20.459155
14.443667 17.288489
18.283767 17.975727
10.202580 20.009614
15.421710 19.476282
4.247469 18.401301
15.777518 16.320305
7.510661 18.433366
12.120905 21.666555
9.965739 16.089455
7.264857 21.404630
14.040785 18.429227
12.329575 16.627761
15.095908 13.978520
19.788270 12.557860
20.069954 17.507191
11.272954 15.453692
8.439558 19.980424
7.080831 15.612925
8.683057 19.146429
18.998838 17.347080
9.526269 16.726731
6.791457 16.123755
13.536179 20.042258
16.319113 17.089179
8.672841 16.155831
17.096354 19.174492
8.184716 19.802781
14.065116 16.617792
13.001527 17.674568
11.909281 18.415172
16.587948 14.144391
13.515209 17.442345
10.563126 18.461046
3.155708 14.810253
11.332287 17.488625
19.988874 16.178555
12.868561 16.212033
17.702960 19.268437
9.318313 19.981830
10.828219 18.520625
10.599294 17.640247
0.707786 17.536803
16.842518 18.351922
11.261072 17.745141
16.014421 19.368675
12.850640 17.087390
14.207406 15.142269
12.039883 11.791862
15.589716 19.310503
15.024250 17.465749
17.008179 13.946747
9.388217 17.962279
14.097271 18.583029
12.287222 17.293876
15.176958 18.889361
12.185490 18.470182
12.207593 12.776467
14.468927 16.296636
13.290952 16.226865
9.402675 18.980160
8.939821 17.212850
11.389789 17.144389
12.850184 16.118511
14.183127 21.810164
6.430180 20.076985
17.375068 17.188544
9.167462 16.005745
8.675069 16.410814
11.690943 19.495918
14.679042 19.077486
4.165692 20.091249
12.484538 20.803938
7.704964 17.097717
15.235452 14.533477
13.512162 22.843074
8.427271 17.018353
11.962264 22.782758
12.074356 19.645392
12.879579 19.663782
12.241696 17.362601
5.649728 23.229765
18.198319 19.638966
15.157491 17.484011
10.412517 15.154994
8.029604 22.017084
3.239742 16.211634
14.419005 12.923205
13.435577 15.871157
12.708048 13.468764
9.659782 15.895342
18.231494 17.782900
9.231354 19.317138
9.524985 18.831242
10.540588 19.132776
14.732831 17.581147
9.665815 14.930245
13.067100 16.129925
11.856313 17.991252
11.385593 19.021067
8.794426 19.891312
16.684248 14.765204
6.784925 19.041396
19.569093 18.920728
11.278474 19.600699
12.268729 18.828233
15.163363 12.944132
13.607007 18.760017
9.095929 19.102467
11.552606 18.032607
7.665314 18.637347
10.084973 17.026766
11.477147 17.684910
16.640477 16.332619
11.882581 17.479176
9.068534 19.029150
6.797366 19.386895
16.897379 19.415942
16.295394 20.359201
6.557625 15.928231
16.032884 17.428528
9.831254 17.654723
8.059547 20.934369
11.484519 15.980349
10.576554 15.527413
6.539831 18.308063
12.601377 15.306208
10.683471 19.628811
11.193544 18.211000
4.678219 15.612933
16.009284 19.899827
17.206320 18.416692
16.587748 15.393740
7.147184 18.935420
11.604742 19.947983
12.949733 15.722504
7.125788 18.036992
12.138913 15.866254
12.696748 19.733612
13.544172 17.418699
7.931537 20.646410
14.332083 18.117452
9.678003 22.581507
16.303100 17.963205
12.980688 18.576728
15.166072 20.848459
12.103763 19.712282
4.101854 16.984545
15.517439 18.740662
9.330383 17.564768
15.687966 20.584978
12.166219 23.108898
13.850573 17.086232
14.213873 13.917895
14.060486 16.618812
15.404995 17.988885
7.407196 19.099232
13.899047 19.382608
11.814102 17.706139
15.209128 16.926966
9.713372 17.362352
12.442894 20.080285
8.965683 16.768643
14.386662 18.459724
14.983131 18.661408
11.674230 14.515236
17.823711 18.155999
10.457133 16.878601
11.113160 19.047281
14.632406 15.957641
4.648302 16.882023
9.937894 17.804995
11.038730 20.718052
10.231311 15.523500
14.130500 19.160599
11.045665 17.094363
15.379530 16.886990
7.600297 15.994343
2.798978 16.298043
5.250836 17.894986
12.781567 20.274781
11.354174 18.022851
8.561425 18.192091
16.859929 17.475865
15.733834 20.420838
13.351246 18.314839
8.703868 17.726918
17.419595 19.097760
21.988427 16.973394
9.370152 17.877388
9.745229 16.804760
13.227602 21.154024
4.246220 17.222371
15.702546 17.985173
13.922708 19.216591
13.031902 18.775096
11.298608 15.785919
12.776849 16.299736
10.030311 18.162499
21.476987 15.561147
10.490928 13.024761
5.401770 17.334807
15.999898 19.462743
13.014138 15.417826
13.441591 15.642716
9.721908 18.210689
10.901249 15.552603
7.480859 14.540516
14.552023 14.975580
17.019021 19.403828
4.724569 15.822759
18.956820 19.815428
14.375548 15.751666
15.500776 22.732718
6.328958 20.330413
7.493897 17.644404
7.097462 19.132769
14.636229 18.958627
10.864208 17.553324
7.499485 22.609433
9.817061 19.586817
2.618880 18.634945
14.522965 20.338781
16.993339 17.489714
10.667517 19.699205
11.722356 17.390265
12.099198 18.369054
9.927808 19.741422
13.418985 19.995056
15.178199 18.532286
16.391220 17.621148
7.312142 17.743104
8.712946 17.980727
14.596573 17.384215
9.982345 14.809798
14.816449 16.997906
5.914082 16.103720
17.111225 14.974906
7.580415 20.070400
15.109359 15.343305
13.920331 18.115606
14.829036 21.342412
21.351230 17.358199
14.827612 15.717265
12.634179 19.634986
17.054422 18.639622
9.077639 20.571508
10.565169 16.336547
14.275570 19.545984
10.861642 18.319967
9.934240 19.460112
7.435477 18.673688
13.841775 20.761706
19.151144 17.038097
16.285168 18.661938
10.036443 18.330289
11.629920 17.119552
14.290667 18.873311
11.152580 18.321761
6.678554 17.447103
13.900034 17.378341
19.618636 16.552872
9.975687 19.637733
8.333430 14.303352
16.280382 14.002223
12.583290 16.477053
5.669321 15.998485
12.305286 23.192920
10.594427 17.149203
9.187013 16.813244
18.206275 19.863758
11.925713 17.252409
12.240802 16.963250
12.595129 17.913196
16.872597 14.992675
15.745537 15.201266
9.362967 19.172559
16.811037 17.668873
13.230783 15.203872
6.760632 18.788513
15.387172 17.846986
13.232788 19.119894
14.393933 18.235817
15.001900 19.868831
15.402185 18.887698
4.369970 19.257998
13.380672 16.252786
6.648616 14.696094
17.449791 14.960657
7.985611 17.653041
8.390125 16.095593
14.984616 16.454560
8.509388 18.790020
17.238887 21.568193
7.960361 19.463760
11.443347 21.066057
12.205764 17.960470
13.969891 19.986576
10.394689 16.551582
10.379679 21.291813
12.101651 16.226354
9.318747 16.503409
10.766175 14.814386
10.649695 16.269284
7.051055 16.359636
10.615655 16.629041
7.403934 18.843804
11.287922 17.155290
14.036605 18.334505
12.740425 20.305602
10.627347 22.439741
5.710570 17.974188
10.424174 17.894455
13.321316 17.833763
9.382514 15.811465
13.834853 15.570001
12.485516 13.470342
10.938806 17.252324
11.402964 18.531407
11.860032 20.511312
8.194594 20.301700
15.137235 15.896906
14.220658 16.267669
11.234961 18.718176
12.876808 16.019134
8.839516 20.741285
17.919673 18.367744
13.608217 17.573987
11.001635 16.484700
8.315137 17.589239
3.525880 17.583281
13.636250 18.446504
9.089746 18.741322
5.293682 21.337583
9.792139 15.814765
11.408830 17.634242
9.231597 16.853168
14.229338 19.123759
13.138797 20.913411
14.410223 18.841971
13.180461 16.289640
10.995169 14.546083
12.545055 19.387041
8.300869 20.559678
4.333629 15.696916
8.305949 16.858025
7.864415 16.651552
10.079591 18.820317
8.899550 19.856180
9.184530 17.238210
16.975574 16.834425
16.533956 17.992136
10.446828 18.049462
6.288666 17.259534
10.618290 15.526808
16.512821 15.839928
9.845742 19.125122
5.644025 17.916645
8.333818 17.815708
13.066710 21.429998
11.855596 21.142731
14.324619 18.496460
10.350639 19.824638
13.703848 19.707584
10.198876 18.923380
0.809291 16.313937
10.014949 21.368216
9.015433 16.456370
7.420467 16.375807
13.685051 16.011638
6.438505 14.337750
13.268951 17.984644
17.171458 17.311376
19.745294 13.192469
8.961778 19.182009
11.702218 21.260064
10.088696 15.932379
4.646422 18.005020
17.517067 16.173105
13.400771 20.660262
12.263833 16.522125
17.883649 17.841150
17.054098 18.498672
11.980229 17.339049
7.658702 21.351351
20.451124 16.423886
3.104603 16.223248
9.390973 16.468993
18.224940 15.589601
19.256835 20.579525
19.734190 17.317410
14.066754 20.388049
13.051689 22.248827
10.949305 18.917766
13.788701 16.778769
14.257965 16.675528
9.475006 21.338087
10.419959 17.233735
12.087555 16.309761
16.123680 17.427923
3.997356 14.400027
10.772760 18.295589
14.166242 18.005674
9.022217 19.049473
10.979977 16.456007
14.879113 13.868892
9.954652 20.399207
13.407591 14.475537
19.181538 20.962974
14.098717 16.166692
13.411259 15.635367
15.836056 16.292967
16.826256 17.744359
16.659867 19.053034
13.533564 16.013582
19.780636 14.282767
8.944288 14.486725
12.776165 21.338262
0.027325 18.096886
6.639374 17.521819
5.536897 20.222490
13.128631 20.838563
15.487128 17.947930
19.548708 17.833082
10.810938 18.625414
11.182750 17.668350
20.116388 15.325843
6.180350 15.926851
19.777063 16.582588
19.511425 16.782388
9.629321 18.658487
19.402091 13.584625
14.006460 15.842830
8.876622 19.510824
16.636723 14.313416
19.702818 17.638503
10.091841 19.151005
15.919832 18.546034
8.888393 21.917710
14.824440 18.100521
12.299678 18.599477
10.758324 20.367823
12.345548 16.921625
13.138627 18.014224
12.438341 18.818524
11.028246 17.803008
8.573653 18.619687
13.618727 15.738131
11.054697 14.568307
10.956759 13.407788
17.944890 18.574046
19.508466 18.921642
14.035024 16.825447
13.818249 18.636724
13.702201 18.729075
9.848393 17.172648
8.305928 14.918030
12.707425 16.178554
16.543870 16.097692
17.283829 16.072263
13.175128 16.318304
13.732818 15.654459
10.091744 18.244520
8.735232 17.029372
7.836618 16.081116
13.733179 21.533878
16.753612 18.407029
11.579816 16.163771
6.390794 19.130495
14.708004 17.838810
10.575071 20.251916
10.805797 17.556749
9.006803 20.740601
13.333564 19.976737
11.539612 19.149683
11.356615 19.830449
13.480119 17.343480
11.315000 18.573378
10.450019 17.499165
7.481167 16.498401
19.165413 15.995596
13.536753 18.352799
11.989963 16.661617
14.977610 17.438723
12.666496 19.594809
12.612058 18.280622
4.845961 18.808242
14.846566 17.426549
11.556365 18.913328
7.025626 18.258164
13.208855 19.200893
19.409317 19.308741
20.328916 19.299490
11.728360 20.510002
7.693661 20.969795
8.152813 21.194162
7.846395 18.338269
11.826527 19.115294
11.890543 16.833574
11.167920 15.469220
11.915089 19.267382
15.874808 19.682837
11.184435 19.377192
6.839043 14.997572
3.728662 17.465380
10.736790 15.467260
16.979804 16.655754
14.954240 14.987668
0.860628 15.890865
13.567016 20.766000
19.573348 19.215094
10.319593 18.490056
10.495226 14.867021
21.913553 19.444090
8.392581 15.641931
11.475170 19.939420
9.442760 19.777403
9.747080 16.584371
18.080202 19.276571
13.269974 18.556247
11.952275 19.374848
12.785127 17.536492
13.476186 17.292003
10.131280 20.464944
5.626669 18.015111
15.868038 14.828907
11.168848 16.589657
9.990617 17.238719
8.556352 20.724459
9.739667 18.966778
15.919600 17.129470
9.717952 16.520996
12.674428 19.578024
12.689528 16.729032
5.455750 19.014042
14.367745 19.539603
7.296207 20.167678
5.210491 20.330976
11.624981 16.227286
1.595408 17.349022
12.886440 19.079932
9.136079 17.636289
13.341399 17.305077
11.881162 18.028551
9.128751 16.037285
13.967668 17.156733
12.584569 21.050111
19.965130 22.228429
7.141597 16.410237
7.024319 16.170383
11.803612 19.319257
10.037175 20.105514
8.899833 16.080511
8.207017 18.618466
15.301858 13.642671
14.595301 18.968654
3.828134 20.405968
12.343824 18.482275
11.152220 22.954091
14.428675 17.670801
10.197963 17.789424
16.930771 20.441614
5.682492 18.810950
6.663048 16.786919
5.257051 15.668096
6.038943 21.235942
30.615421 18.123436
27.787500 19.628247
38.771178 18.216621
33.177237 13.592614
35.590260 18.969643
31.049140 18.971259
33.295213 16.144193
31.800661 18.187939
26.929249 21.328086
38.052001 17.227308
29.397516 18.497144
28.244064 21.342562
37.610952 14.389888
39.023237 18.535450
37.986956 17.208002
38.386130 19.126413
31.521217 19.164176
29.460887 18.794695
29.993875 17.001382
35.981041 14.757530
29.515778 15.331093
35.860339 15.393586
40.756913 18.563974
32.619241 12.969668
28.711645 16.137818
26.000305 14.386862
27.917967 19.070623
36.463661 20.843874
28.210892 21.384630
37.914450 18.016361
38.558381 16.998411
33.931278 21.079696
32.459556 18.475583
26.933386 18.823767
26.577173 19.967773
32.086655 16.409036
31.718072 16.864774
33.579140 22.867946
28.907993 15.669845
37.418967 17.892078
30.235051 21.193036
35.842424 19.876386
37.917360 15.341391
40.133332 18.367903
39.214373 15.112366
35.497248 18.603209
29.135774 16.925915
41.281095 17.113013
34.021854 20.128939
31.258232 18.900298
44.827009 21.519980
34.770972 18.951750
35.346441 17.455183
32.367921 18.724822
33.269226 23.653913
33.539167 16.405928
31.194447 22.533644
36.535560 18.691879
39.960914 15.937404
32.807945 17.262168
35.138349 19.884826
28.735593 15.522204
31.702680 20.205654
37.980564 20.290483
33.444854 17.829151
29.489448 14.874559
38.859883 19.303510
29.413894 18.276271
34.777135 17.710935
34.798256 19.625380
31.712560 14.655029
38.797976 21.949591
40.837019 17.050638
32.099181 20.361889
30.654106 14.605157
32.220804 16.448667
31.752176 20.466646
33.480103 19.479328
30.355785 15.178154
40.424469 13.475051
32.214207 20.986479
38.752286 18.606209
35.800064 20.004157
42.290544 18.145648
32.143720 17.858071
36.690487 16.082954
32.945056 15.947780
36.869794 18.332491
33.730477 17.364932
26.904839 15.702465
29.040001 19.971707
35.746358 17.235129
27.672616 21.881164
38.266200 17.264051
38.888953 21.426836
32.216237 18.590045
33.727989 20.658197
33.877026 19.046067
29.774363 16.934910
42.814812 18.483431
27.672544 15.815466
34.992039 17.725445
34.298333 16.290630
40.950218 16.362829
36.342054 19.097744
31.237781 18.110708
38.566493 16.216383
28.851724 15.048468
36.357170 19.480497
34.721266 16.844935
38.164491 18.668454
36.212741 19.565077
34.062408 18.918591
32.215648 21.465796
32.449721 20.576288
29.286975 21.508494
28.281446 17.540034
40.671465 21.033176
30.718627 18.722297
38.861112 16.987994
32.769618 19.103586
35.213021 21.318874
34.058334 17.912513
41.250625 17.431097
34.019687 15.982370
35.096954 19.031178
27.493696 17.257286
32.277008 19.763497
34.631233 20.995696
30.642631 17.340448
37.421447 13.899212
41.081497 20.288590
36.737860 19.208640
40.257589 16.286731
43.409123 20.729827
30.658286 15.952213
35.621974 18.014818
26.173013 20.742478
31.020014 17.642301
36.713337 17.994234
28.036820 19.605575
39.122677 18.642258
25.154504 14.076488
32.669077 17.257038
40.777846 16.345399
34.673596 17.812787
35.268390 16.608360
36.473374 18.278608
33.390226 20.924997
30.964922 15.875759
39.462351 15.329126
34.179982 19.661595
36.379322 19.966862
30.686125 16.036085
29.602632 20.694013
33.116583 19.269651
32.923557 16.685442
30.205986 19.233283
42.218608 18.926267
36.667226 15.967799
34.620486 15.206432
31.673623 20.682022
39.477405 18.000273
32.033762 12.659353
33.250806 22.381527
37.044452 20.066203
33.453810 17.430911
34.359728 14.691027
33.271140 17.355209
33.067841 18.313817
34.837505 15.952043
28.714940 20.075697
36.460832 20.450004
30.690964 20.788479
30.462373 15.542973
35.381702 15.015212
27.887645 15.997288
34.676301 17.351933
31.549002 16.576655
35.272163 18.091339
33.621819 18.182065
30.609155 16.605404
39.536273 17.420223
34.217374 18.259942
36.658568 17.304926
39.602424 16.494866
33.671344 15.854375
32.680634 18.785424
37.940270 20.411953
32.629514 18.013794
35.152313 19.609640
35.665731 17.716257
39.754105 14.809173
41.849053 20.495173
32.147852 19.111912
32.233987 15.259435
33.806822 17.604917
32.322048 19.356164
38.393263 18.875279
28.371810 17.942323
36.680434 16.544579
29.188705 19.418356
28.146772 15.360874
30.283196 20.540846
27.631729 16.691744
24.846750 16.477159
41.517526 18.517945
37.418203 17.509461
35.963732 18.113421
33.732418 21.468785
35.611953 20.237430
28.083200 14.643605
34.219180 15.916549
37.231897 13.024955
34.135896 16.889003
28.581444 17.214677
35.974974 19.517136
29.510746 19.966576
36.197357 19.302332
38.753192 16.037858
36.208218 15.460755
34.713327 16.690281
34.298691 21.332701
33.307752 14.078687
32.861956 21.595752
43.667781 14.433522
25.283444 15.173571
29.795994 16.195384
33.493930 18.434411
42.387226 14.820295
40.834900 18.496416
35.389529 16.351812
34.085529 18.769235
35.357101 16.077393
31.057409 18.222470
30.838541 16.645757
36.442438 18.793507
42.071478 16.282974
29.291341 17.762698
34.820419 15.808976
37.300925 15.866119
40.202719 16.651964
36.834138 17.953564
31.090995 17.102295
33.692255 18.713210
36.175322 15.683503
28.453144 16.409083
43.063615 17.277865
34.648629 20.919111
30.637841 17.712891
36.741859 18.589633
36.224950 20.243527
32.869130 16.140207
30.918705 18.724486
35.210748 21.625301
25.740040 19.272753
36.454706 16.840599
41.009858 22.340706
30.982931 16.183739
32.113904 16.509310
33.328032 17.492397
36.085478 17.987495
34.903340 17.098646
31.988407 21.208573
36.501929 16.567444
34.920469 16.950333
33.115303 20.445300
31.069419 17.578729
30.378539 20.208509
29.402337 18.090947
32.704474 20.428464
38.843572 16.212044
33.885442 16.795558
34.296065 21.750701
34.354941 18.252611
30.384379 15.322870
34.349708 18.914303
43.586585 16.118457
34.704200 21.160808
33.948022 17.119979
35.014699 19.876449
30.424108 17.603947
34.009799 20.507353
35.996821 19.104052
41.340604 18.109634
31.028074 18.676508
33.759762 17.593602
33.209988 17.005915
32.633486 14.811060
33.446794 16.614308
33.271832 16.599285
29.980255 18.276774
34.735703 19.283007
32.567097 16.520942
29.644268 19.802131
36.272240 16.043230
38.441487 17.724325
38.403982 18.545069
25.285415 21.039278
29.949809 20.069493
33.770289 19.458811
33.941299 16.587470
40.780417 19.981836
38.259396 18.510300
37.496255 19.639373
27.638342 17.014719
29.872804 20.202443
28.567922 15.678538
42.179804 21.483163
31.160600 19.821471
33.929379 18.247885
35.400655 18.155391
37.677015 15.064906
29.119236 17.324526
35.036140 20.451328
26.936336 18.664939
36.587165 16.974854
27.321789 19.686011
39.165967 20.580646
32.030153 15.979814
39.138472 17.553233
41.114505 17.009140
34.116273 16.266580
34.718541 16.753546
40.549981 18.342094
32.743906 20.058231
35.618382 18.531927
33.395697 19.076008
29.673126 14.942141
34.628993 16.349985
33.824167 17.572132
32.723138 18.787449
33.227541 18.165349
35.604078 17.586293
32.443333 13.592242
30.420261 18.841954
28.049236 22.466202
38.557650 22.671283
38.689192 20.822667
35.232817 16.691132
35.899801 18.833537
29.362042 17.681217
31.696221 19.742412
30.980554 18.756494
34.881770 14.475349
28.711025 18.648720
37.661968 18.078068
39.439186 15.586577
38.247763 17.927498
39.153639 17.016264
35.713295 15.806109
35.598084 17.430872
30.005555 18.198599
30.838864 16.777653
28.719758 19.687715
31.200704 17.155452
34.276969 17.693519
29.633456 14.230675
38.819548 16.449619
32.095402 18.724190
29.175031 16.617881
35.304520 19.680888
35.371839 15.769492
36.791800 19.993483
33.363930 21.103366
27.374562 19.554905
38.727173 20.715480
38.439744 17.251825
37.375592 18.020475
31.730533 21.656581
38.522273 15.999298
34.886617 16.324841
30.285184 19.018382
32.948696 19.347195
36.795909 22.018102
40.094466 17.756727
35.930794 17.620339
34.771628 18.419674
38.569290 20.764130
26.802072 18.492002
33.237661 17.266473
36.836549 16.288304
31.242345 18.398273
32.791355 19.089314
32.775057 15.866352
33.896004 18.618208
34.425552 16.591972
35.866531 19.540750
33.958917 18.302269
30.911614 18.610276
39.030860 16.663662
33.569014 16.799608
33.290129 19.408996
36.183823 19.023329
26.360232 17.664963
38.483568 18.631372
32.990774 17.250077
31.515488 22.820872
39.992828 18.484890
31.113290 20.648114
37.591190 16.769431
35.846270 18.338895
33.746659 15.886130
37.540067 14.828972
35.052976 16.426137
32.252268 20.081299
32.969278 17.541969
28.865985 17.978612
36.607703 21.268029
25.840879 18.597223
34.508929 20.404458
32.874697 18.105723
41.546672 17.765262
36.772097 19.421192
38.421207 20.125891
39.899803 18.629249
32.984204 20.413504
40.737539 17.166883
34.067513 15.859552
26.780327 21.468136
33.043255 20.089106
41.413531 19.408553
34.468357 19.869308
28.572488 15.275215
36.030513 18.287264
35.805852 17.844558
36.471133 21.253850
41.572315 15.071655
38.349490 22.621418
40.160176 23.672781
34.312556 18.154362
29.524768 18.944717
30.030453 15.850959
36.560744 19.646574
29.286709 17.175947
29.976323 20.638465
31.738964 22.008009
36.213305 17.749133
24.416935 16.154130
39.276273 16.409935
37.429940 17.022878
31.702714 19.257231
35.641671 14.895756
33.182010 18.759770
41.746501 14.404070
32.218326 19.732442
30.869001 17.718298
36.196276 19.131072
35.456301 19.990980
33.519697 14.496966
38.719187 18.928513
36.742520 17.047693
39.939180 17.980309
21.965413 17.668353
34.386635 21.506764
33.247446 15.769287
27.702631 21.352032
35.431012 17.923420
30.181926 16.736199
39.674269 14.213030
39.355696 16.430613
35.598981 18.379584
40.825832 21.433451
32.270651 16.535280
33.864008 16.509193
32.586610 20.052649
29.915825 15.529604
33.252440 16.207801
36.682244 17.900987
36.227028 19.268202
28.669562 18.946227
36.015723 17.957371
33.462503 17.468150
35.812400 20.636707
35.883930 19.164766
34.728987 16.334383
32.660351 15.495440
32.551747 19.336885
32.379677 16.262033
34.204801 18.086191
31.669163 17.521648
32.068899 22.109989
30.701831 19.790460
36.463737 20.088153
43.799794 18.207595
29.267702 19.254529
39.934737 17.140068
33.072408 15.846650
33.933438 17.906357
32.612577 17.948698
30.796619 18.375196
29.584085 17.570262
35.077404 16.335346
40.855437 20.125847
30.463492 20.507935
35.895582 16.988302
33.013158 18.677239
29.366242 14.369369
29.442970 20.480409
37.537078 20.920085
31.554039 19.330102
38.856109 20.974216
38.817682 18.564908
29.365061 19.849689
31.630660 17.421898
36.192752 21.525890
37.912512 17.298097
36.493028 18.047672
39.528836 16.175506
32.992983 16.858504
34.075924 17.699269
35.265448 17.700390
31.641653 16.655837
38.677550 18.409108
31.765565 16.124422
35.550563 16.951002
36.833711 18.946207
33.224299 20.552869
36.037491 20.897486
33.521543 17.896889
35.354524 15.832375
31.752687 16.751881
39.782639 21.634352
36.149921 18.854963
39.420911 21.349919
35.791445 21.131652
27.913879 16.258035
43.775150 16.054836
31.767733 17.207068
36.166910 18.729002
34.046553 19.062608
32.998782 18.722973
37.267758 15.881742
32.833848 19.113047
30.442576 13.874231
36.899235 17.302843
43.470792 16.874869
40.418385 17.373499
32.459503 19.036777
30.654325 18.123234
33.838816 18.138175
35.509811 14.674848
36.928942 18.570415
35.069768 15.213782
24.756783 15.923632
33.982970 18.668833
30.863119 18.028311
35.156537 20.407367
34.698270 20.119312
33.021745 16.427268
41.777016 19.555343
33.852874 19.636652
31.933567 19.619072
39.680042 16.204726
40.363055 20.859136
29.305658 18.557500
30.853870 16.342944
27.678552 13.263799
36.208302 16.929920
34.725491 18.510198
32.317380 18.402888
34.249024 17.830846
31.324738 16.492965
38.096493 18.433947
37.747230 21.329956
32.680449 19.009776
33.699810 17.117773
33.526468 20.196406
37.659532 21.599968
40.991564 21.833949
37.185257 18.348213
32.604076 16.247958
38.112335 19.982471
38.293876 18.456432
32.402032 18.775584
41.615948 16.658473
39.031084 16.013882
31.733631 15.579447
38.389241 18.282137
29.697416 16.547014
33.959366 19.724837
37.950531 18.563664
28.887083 15.093012
32.340990 16.792178
34.720000 19.656720
37.260542 18.066881
36.750054 15.071293
28.559426 20.472544
32.040391 20.255523
34.682227 16.951056
36.309397 20.808714
28.466484 17.490646
31.960524 13.903446
29.021075 17.792284
33.778710 13.635348
29.851156 18.688260
35.395154 20.767126
33.495501 17.852112
34.296749 18.214183
30.968988 16.184281
36.175769 17.372593
42.489021 13.768765
32.550771 13.554545
37.918004 18.006812
31.728869 18.109271
40.345426 18.378666
36.364205 17.952994
37.443774 18.761379
43.231868 17.638540
34.490482 17.403883
32.155850 16.952375
32.833382 17.452694
34.911144 19.110051
33.058918 18.143226
35.327048 18.573161
31.759326 18.537860
33.659375 21.750979
34.169675 15.994936
33.751159 14.989372
32.196721 16.915013
36.069315 13.341135
25.715423 16.893880
26.148842 17.595994
35.981096 14.236889
32.255430 19.292903
31.490794 16.627425
33.280848 14.699142
40.965522 16.946461
32.177989 16.737443
36.820311 14.161056
41.045945 17.700186
32.252364 16.806956
35.141892 17.584335
30.335714 21.185492
44.369621 19.157165
34.514335 18.066922
28.661079 16.118758
33.782914 14.828641
38.149751 16.898179
31.810095 19.029076
34.990848 16.434417
35.529653 20.952046
34.479761 20.099799
31.103778 18.136476
31.435373 19.028392
35.048809 16.999259
35.403845 19.376298
39.652388 20.741934
32.574501 15.564967
35.300239 15.079229
35.472574 19.095358
39.765809 16.308490
34.457983 16.682207
32.649293 19.229754
35.169654 17.334809
31.104088 15.449041
36.334787 21.072902
33.627932 14.876239
34.915235 18.365545
32.700385 18.743779
39.772544 18.663341
34.445683 16.285556
29.459753 15.267394
27.928220 20.206085
33.573990 15.372684
31.783583 16.928460
35.910259 16.735841
35.105037 16.200544
27.825675 18.579827
35.067213 13.994852
29.100549 20.309012
37.350344 16.985602
28.825908 21.786847
31.698723 18.278161
28.991130 21.367601
26.547952 17.504166
28.332009 17.436682
29.631923 13.743922
30.822825 15.237668
31.962288 20.233762
35.166502 16.782753
38.022210 16.729651
28.019212 16.746192
35.670482 19.875314
42.713883 19.553019
30.484001 18.199811
33.778905 16.507014
32.556246 17.274957
30.527884 13.589720
28.165796 18.833380
32.268186 17.589178
30.668211 15.185072
31.783836 14.505813
30.619638 19.361685
36.651878 17.381678
24.093826 17.901122
35.610769 17.529736
27.161767 20.752430
25.889593 20.680159
23.503997 19.366958
37.127508 17.971018
30.360775 18.244793
31.333508 17.927803
32.501714 19.706977
33.171567 19.779814
33.473107 17.318591
29.125485 20.250331
31.931194 15.344940
35.725855 21.654003
35.070515 19.094103
37.098875 19.711465
36.906638 20.882252
27.125129 16.698593
35.655037 22.181088
39.069768 19.709795
33.474728 15.496358
29.637279 20.740532
31.958373 19.157759
39.804424 16.667243
35.455341 18.470349
35.280977 16.042437
39.363163 18.668003
32.614083 17.628310
33.839993 16.360536
37.478009 21.907560
29.467915 20.409757
35.176661 16.136065
31.330672 19.230133
29.038902 17.843293
37.231903 18.732705
35.051684 18.884583
24.471508 15.555883
40.486824 20.460983
26.489039 13.229269
32.196046 16.351518
32.186236 18.627279
38.279868 16.058578
36.153653 18.811597
37.020508 17.251880
27.340404 18.291876
32.201492 18.499296
28.052036 19.835408
30.452550 17.391796
37.032710 16.809610
33.970643 18.104834
34.651657 20.019211
30.922584 19.330318
29.405331 14.667814
31.417566 19.502534
34.861227 17.085436
